1,240,15,0,4,0.5531785488128662,2.6918453872203827
1,240,21,0,4,0.5531785488128662,2.6918453872203827
0,240,21,17,0,0.5531785488128662,2.6918453872203827
0,240,11,15,0,0.5531785488128662,2.6918453872203827
0,240,21,17,0,0.5531785488128662,2.6918453872203827
0,240,14,16,0,0.5531785488128662,2.6918453872203827
0,240,14,18,0,0.5531785488128662,2.6918453872203827
0,240,10,9,0,0.5531785488128662,2.6918453872203827
0,240,11,12,0,0.5531785488128662,2.6918453872203827
0,240,10,6,0,0.5531785488128662,2.6918453872203827
0,240,10,10,0,0.5531785488128662,2.6918453872203827
0,240,10,12,0,0.5531785488128662,2.6918453872203827
0,240,10,2,0,0.5531785488128662,2.6918453872203827
0,240,15,12,0,0.5531785488128662,2.6918453872203827
0,240,11,14,0,0.5531785488128662,2.6918453872203827
0,240,10,8,0,0.5531785488128662,2.6918453872203827
0,240,6,6,0,0.5531785488128662,2.6918453872203827
0,240,11,10,0,0.5531785488128662,2.6918453872203827
0,240,15,13,0,0.5531785488128662,2.6918453872203827
0,240,14,15,0,0.5531785488128662,2.6918453872203827
0,240,17,18,0,0.5531785488128662,2.6918453872203827
0,240,11,8,0,0.5531785488128662,2.6918453872203827
0,240,19,14,0,0.5531785488128662,2.6918453872203827
0,240,19,13,0,0.5531785488128662,2.6918453872203827
0,240,14,14,0,0.5531785488128662,2.6918453872203827
0,240,14,15,0,0.5531785488128662,2.6918453872203827
0,240,11,5,0,0.5531785488128662,2.6918453872203827
0,240,11,14,0,0.5531785488128662,2.6918453872203827
0,240,14,16,0,0.5531785488128662,2.6918453872203827
0,240,14,13,0,0.5531785488128662,2.6918453872203827
0,240,14,17,0,0.5531785488128662,2.6918453872203827
0,240,17,9,0,0.5531785488128662,2.6918453872203827
0,240,0,2,1,0.5531785488128662,2.6918453872203827
0,240,14,16,0,0.5531785488128662,2.6918453872203827
0,240,15,12,0,0.5531785488128662,2.6918453872203827
0,240,10,2,0,0.5531785488128662,2.6918453872203827
0,240,19,11,0,0.5531785488128662,2.6918453872203827
0,240,3,6,0,0.5531785488128662,2.6918453872203827
0,240,15,11,0,0.5531785488128662,2.6918453872203827
0,240,11,9,0,0.5531785488128662,2.6918453872203827
0,240,10,7,0,0.5531785488128662,2.6918453872203827
0,240,11,1,0,0.5531785488128662,2.6918453872203827
0,240,15,13,0,0.5531785488128662,2.6918453872203827
0,240,10,7,0,0.5531785488128662,2.6918453872203827
0,240,10,8,0,0.5531785488128662,2.6918453872203827
0,240,4,4,0,0.5531785488128662,2.6918453872203827
0,240,14,18,0,0.5531785488128662,2.6918453872203827
0,240,10,7,0,0.5531785488128662,2.6918453872203827
0,240,14,15,0,0.5531785488128662,2.6918453872203827
0,240,15,15,0,0.5531785488128662,2.6918453872203827
0,240,14,10,0,0.5531785488128662,2.6918453872203827
0,240,17,14,0,0.5531785488128662,2.6918453872203827
0,240,10,12,0,0.5531785488128662,2.6918453872203827
0,240,10,12,0,0.5531785488128662,2.6918453872203827
0,240,14,18,0,0.5531785488128662,2.6918453872203827
0,240,11,12,0,0.5531785488128662,2.6918453872203827
0,240,15,14,0,0.5531785488128662,2.6918453872203827
0,240,21,18,0,0.5531785488128662,2.6918453872203827
0,240,11,10,0,0.5531785488128662,2.6918453872203827
0,240,11,10,0,0.5531785488128662,2.6918453872203827
0,240,14,10,0,0.5531785488128662,2.6918453872203827
0,240,14,17,0,0.5531785488128662,2.6918453872203827
0,240,10,11,0,0.5531785488128662,2.6918453872203827
0,240,14,18,0,0.5531785488128662,2.6918453872203827
0,240,19,18,0,0.5531785488128662,2.6918453872203827
0,240,17,5,0,0.5531785488128662,2.6918453872203827
0,240,11,11,0,0.5531785488128662,2.6918453872203827
0,240,14,16,0,0.5531785488128662,2.6918453872203827
0,240,11,10,0,0.5531785488128662,2.6918453872203827
0,240,11,10,0,0.5531785488128662,2.6918453872203827
0,240,14,11,0,0.5531785488128662,2.6918453872203827
0,240,14,17,0,0.5531785488128662,2.6918453872203827
0,240,11,11,0,0.5531785488128662,2.6918453872203827
0,240,15,10,0,0.5531785488128662,2.6918453872203827
0,240,11,12,0,0.5531785488128662,2.6918453872203827
0,240,10,9,0,0.5531785488128662,2.6918453872203827
0,240,14,15,0,0.5531785488128662,2.6918453872203827
0,240,15,14,0,0.5531785488128662,2.6918453872203827
0,240,14,10,0,0.5531785488128662,2.6918453872203827
0,240,11,7,0,0.5531785488128662,2.6918453872203827
0,240,10,10,0,0.5531785488128662,2.6918453872203827
0,240,14,15,0,0.5531785488128662,2.6918453872203827
0,240,11,8,0,0.5531785488128662,2.6918453872203827
0,240,15,16,0,0.5531785488128662,2.6918453872203827
0,240,14,12,0,0.5531785488128662,2.6918453872203827
0,240,11,11,0,0.5531785488128662,2.6918453872203827
0,240,10,8,0,0.5531785488128662,2.6918453872203827
0,240,19,16,0,0.5531785488128662,2.6918453872203827
0,240,14,13,0,0.5531785488128662,2.6918453872203827
0,240,11,11,0,0.5531785488128662,2.6918453872203827
0,240,10,8,0,0.5531785488128662,2.6918453872203827
0,240,11,10,0,0.5531785488128662,2.6918453872203827
0,240,11,10,0,0.5531785488128662,2.6918453872203827
0,240,10,13,0,0.5531785488128662,2.6918453872203827
0,240,10,13,0,0.5531785488128662,2.6918453872203827
0,240,14,16,0,0.5531785488128662,2.6918453872203827
0,240,14,17,0,0.5531785488128662,2.6918453872203827
0,240,11,7,0,0.5531785488128662,2.6918453872203827
0,240,10,2,0,0.5531785488128662,2.6918453872203827
0,240,11,10,0,0.5531785488128662,2.6918453872203827
0,240,11,14,0,0.5531785488128662,2.6918453872203827
0,240,11,9,0,0.5531785488128662,2.6918453872203827
0,240,14,14,0,0.5531785488128662,2.6918453872203827
0,240,14,15,0,0.5531785488128662,2.6918453872203827
0,240,14,14,0,0.5531785488128662,2.6918453872203827
0,240,11,10,0,0.5531785488128662,2.6918453872203827
0,240,10,10,0,0.5531785488128662,2.6918453872203827
0,240,14,18,0,0.5531785488128662,2.6918453872203827
0,240,14,14,0,0.5531785488128662,2.6918453872203827
0,240,14,17,0,0.5531785488128662,2.6918453872203827
0,240,14,16,0,0.5531785488128662,2.6918453872203827
0,240,11,12,0,0.5531785488128662,2.6918453872203827
0,240,14,14,0,0.5531785488128662,2.6918453872203827
0,240,10,9,0,0.5531785488128662,2.6918453872203827
0,240,11,15,0,0.5531785488128662,2.6918453872203827
0,240,15,14,0,0.5531785488128662,2.6918453872203827
0,240,14,17,0,0.5531785488128662,2.6918453872203827
0,240,11,6,0,0.5531785488128662,2.6918453872203827
0,240,11,14,0,0.5531785488128662,2.6918453872203827
0,240,15,12,0,0.5531785488128662,2.6918453872203827
0,240,14,15,0,0.5531785488128662,2.6918453872203827
0,240,11,7,0,0.5531785488128662,2.6918453872203827
0,240,15,14,0,0.5531785488128662,2.6918453872203827
0,240,10,8,0,0.5531785488128662,2.6918453872203827
0,240,14,15,0,0.5531785488128662,2.6918453872203827
0,240,14,18,0,0.5531785488128662,2.6918453872203827
0,240,15,14,0,0.5531785488128662,2.6918453872203827
0,240,14,19,0,0.5531785488128662,2.6918453872203827
0,240,10,12,0,0.5531785488128662,2.6918453872203827
0,240,14,15,0,0.5531785488128662,2.6918453872203827
0,240,10,9,0,0.5531785488128662,2.6918453872203827
0,240,17,11,0,0.5531785488128662,2.6918453872203827
0,240,14,18,0,0.5531785488128662,2.6918453872203827
0,240,14,14,0,0.5531785488128662,2.6918453872203827
0,240,14,21,0,0.5531785488128662,2.6918453872203827
0,240,14,14,0,0.5531785488128662,2.6918453872203827
0,240,14,12,0,0.5531785488128662,2.6918453872203827
0,240,11,15,0,0.5531785488128662,2.6918453872203827
0,240,14,15,0,0.5531785488128662,2.6918453872203827
0,240,10,15,0,0.5531785488128662,2.6918453872203827
0,240,10,11,0,0.5531785488128662,2.6918453872203827
0,240,22,21,0,0.5531785488128662,2.6918453872203827
0,240,15,14,0,0.5531785488128662,2.6918453872203827
0,240,11,8,0,0.5531785488128662,2.6918453872203827
0,240,15,20,0,0.5531785488128662,2.6918453872203827
0,240,14,8,0,0.5531785488128662,2.6918453872203827
0,240,14,16,0,0.5531785488128662,2.6918453872203827
0,240,14,21,0,0.5531785488128662,2.6918453872203827
0,240,11,14,0,0.5531785488128662,2.6918453872203827
0,240,15,18,0,0.5531785488128662,2.6918453872203827
0,240,10,15,0,0.5531785488128662,2.6918453872203827
0,240,14,16,0,0.5531785488128662,2.6918453872203827
0,240,17,2,0,0.5531785488128662,2.6918453872203827
0,240,14,15,0,0.5531785488128662,2.6918453872203827
0,240,17,14,0,0.5531785488128662,2.6918453872203827
0,240,10,10,0,0.5531785488128662,2.6918453872203827
0,240,14,15,0,0.5531785488128662,2.6918453872203827
0,240,14,16,0,0.5531785488128662,2.6918453872203827
0,240,15,10,0,0.5531785488128662,2.6918453872203827
0,240,14,14,0,0.5531785488128662,2.6918453872203827
0,240,10,10,0,0.5531785488128662,2.6918453872203827
0,240,10,10,0,0.5531785488128662,2.6918453872203827
0,240,11,13,0,0.5531785488128662,2.6918453872203827
0,240,11,13,0,0.5531785488128662,2.6918453872203827
0,240,14,17,0,0.5531785488128662,2.6918453872203827
0,240,10,7,0,0.5531785488128662,2.6918453872203827
0,240,0,4,1,0.5531785488128662,2.6918453872203827
0,240,14,13,0,0.5531785488128662,2.6918453872203827
0,240,14,14,0,0.5531785488128662,2.6918453872203827
0,240,4,7,0,0.5531785488128662,2.6918453872203827
0,240,14,17,0,0.5531785488128662,2.6918453872203827
0,240,10,13,0,0.5531785488128662,2.6918453872203827
0,240,14,20,0,0.5531785488128662,2.6918453872203827
0,240,14,21,0,0.5531785488128662,2.6918453872203827
0,240,10,16,0,0.5531785488128662,2.6918453872203827
0,240,14,17,0,0.5531785488128662,2.6918453872203827
0,240,14,17,0,0.5531785488128662,2.6918453872203827
0,240,15,11,0,0.5531785488128662,2.6918453872203827
0,240,10,13,0,0.5531785488128662,2.6918453872203827
0,240,11,12,0,0.5531785488128662,2.6918453872203827
0,240,14,17,0,0.5531785488128662,2.6918453872203827
0,240,11,12,0,0.5531785488128662,2.6918453872203827
0,240,14,18,0,0.5531785488128662,2.6918453872203827
0,240,14,18,0,0.5531785488128662,2.6918453872203827
0,240,14,17,0,0.5531785488128662,2.6918453872203827
0,240,14,16,0,0.5531785488128662,2.6918453872203827
0,240,11,7,0,0.5531785488128662,2.6918453872203827
0,240,11,13,0,0.5531785488128662,2.6918453872203827
0,240,14,17,0,0.5531785488128662,2.6918453872203827
0,240,10,7,0,0.5531785488128662,2.6918453872203827
0,240,14,17,0,0.5531785488128662,2.6918453872203827
0,240,14,16,0,0.5531785488128662,2.6918453872203827
0,240,14,20,0,0.5531785488128662,2.6918453872203827
0,240,11,15,0,0.5531785488128662,2.6918453872203827
0,240,14,16,0,0.5531785488128662,2.6918453872203827
0,240,14,14,0,0.5531785488128662,2.6918453872203827
0,240,15,18,0,0.5531785488128662,2.6918453872203827
0,240,11,14,0,0.5531785488128662,2.6918453872203827
0,240,11,15,0,0.5531785488128662,2.6918453872203827
0,240,11,14,0,0.5531785488128662,2.6918453872203827
0,240,6,8,0,0.5531785488128662,2.6918453872203827
0,240,14,21,0,0.5531785488128662,2.6918453872203827
0,240,14,14,0,0.5531785488128662,2.6918453872203827
0,240,15,15,0,0.5531785488128662,2.6918453872203827
0,240,14,15,0,0.5531785488128662,2.6918453872203827
0,240,10,11,0,0.5531785488128662,2.6918453872203827
0,240,11,15,0,0.5531785488128662,2.6918453872203827
0,240,14,17,0,0.5531785488128662,2.6918453872203827
0,240,11,13,0,0.5531785488128662,2.6918453872203827
0,240,14,19,0,0.5531785488128662,2.6918453872203827
0,240,21,21,0,0.5531785488128662,2.6918453872203827
0,240,11,12,0,0.5531785488128662,2.6918453872203827
0,240,11,10,0,0.5531785488128662,2.6918453872203827
0,240,14,16,0,0.5531785488128662,2.6918453872203827
0,240,11,13,0,0.5531785488128662,2.6918453872203827
0,240,17,15,0,0.5531785488128662,2.6918453872203827
0,240,11,10,0,0.5531785488128662,2.6918453872203827
0,240,15,10,0,0.5531785488128662,2.6918453872203827
0,240,14,17,0,0.5531785488128662,2.6918453872203827
0,240,11,14,0,0.5531785488128662,2.6918453872203827
0,240,14,14,0,0.5531785488128662,2.6918453872203827
0,240,15,20,0,0.5531785488128662,2.6918453872203827
0,240,11,12,0,0.5531785488128662,2.6918453872203827
0,240,14,16,0,0.5531785488128662,2.6918453872203827
0,240,14,13,0,0.5531785488128662,2.6918453872203827
0,240,14,15,0,0.5531785488128662,2.6918453872203827
0,240,11,12,0,0.5531785488128662,2.6918453872203827
0,240,10,14,0,0.5531785488128662,2.6918453872203827
0,240,14,23,0,0.5531785488128662,2.6918453872203827
0,240,11,15,0,0.5531785488128662,2.6918453872203827
0,240,11,14,0,0.5531785488128662,2.6918453872203827
0,240,15,19,0,0.5531785488128662,2.6918453872203827
0,240,14,9,0,0.5531785488128662,2.6918453872203827
0,240,17,15,0,0.5531785488128662,2.6918453872203827
0,240,10,13,0,0.5531785488128662,2.6918453872203827
0,240,10,11,0,0.5531785488128662,2.6918453872203827
0,240,14,16,0,0.5531785488128662,2.6918453872203827
0,240,14,19,0,0.5531785488128662,2.6918453872203827
0,240,11,13,0,0.5531785488128662,2.6918453872203827
0,240,14,18,0,0.5531785488128662,2.6918453872203827
0,240,14,19,0,0.5531785488128662,2.6918453872203827
0,240,14,13,0,0.5531785488128662,2.6918453872203827
0,240,14,17,0,0.5531785488128662,2.6918453872203827
0,240,15,17,0,0.5531785488128662,2.6918453872203827
0,240,11,12,0,0.5531785488128662,2.6918453872203827
0,240,14,19,0,0.5531785488128662,2.6918453872203827
0,240,14,20,0,0.5531785488128662,2.6918453872203827
0,240,11,12,0,0.5531785488128662,2.6918453872203827
0,240,14,18,0,0.5531785488128662,2.6918453872203827
0,240,14,16,0,0.5531785488128662,2.6918453872203827
0,240,14,18,0,0.5531785488128662,2.6918453872203827
0,240,15,12,0,0.5531785488128662,2.6918453872203827
0,240,10,13,0,0.5531785488128662,2.6918453872203827
0,240,15,13,0,0.5531785488128662,2.6918453872203827
0,240,11,13,0,0.5531785488128662,2.6918453872203827
0,240,14,19,0,0.5531785488128662,2.6918453872203827
0,240,14,15,0,0.5531785488128662,2.6918453872203827
0,240,15,14,0,0.5531785488128662,2.6918453872203827
0,240,14,20,0,0.5531785488128662,2.6918453872203827
0,240,11,14,0,0.5531785488128662,2.6918453872203827
0,240,14,8,0,0.5531785488128662,2.6918453872203827
0,240,14,10,0,0.5531785488128662,2.6918453872203827
0,240,14,15,0,0.5531785488128662,2.6918453872203827
0,240,11,11,0,0.5531785488128662,2.6918453872203827
0,240,15,16,0,0.5531785488128662,2.6918453872203827
0,240,14,17,0,0.5531785488128662,2.6918453872203827
0,240,14,18,0,0.5531785488128662,2.6918453872203827
0,240,9,10,0,0.5531785488128662,2.6918453872203827
0,240,10,14,0,0.5531785488128662,2.6918453872203827
0,240,11,16,0,0.5531785488128662,2.6918453872203827
0,240,14,22,0,0.5531785488128662,2.6918453872203827
0,240,14,18,0,0.5531785488128662,2.6918453872203827
0,240,14,10,0,0.5531785488128662,2.6918453872203827
0,240,11,16,0,0.5531785488128662,2.6918453872203827
0,240,14,13,0,0.5531785488128662,2.6918453872203827
0,240,17,15,0,0.5531785488128662,2.6918453872203827
0,240,14,13,0,0.5531785488128662,2.6918453872203827
0,240,14,10,0,0.5531785488128662,2.6918453872203827
0,240,11,13,0,0.5531785488128662,2.6918453872203827
0,240,10,11,0,0.5531785488128662,2.6918453872203827
0,240,10,13,0,0.5531785488128662,2.6918453872203827
0,240,19,14,0,0.5531785488128662,2.6918453872203827
0,240,14,20,0,0.5531785488128662,2.6918453872203827
0,240,10,6,0,0.5531785488128662,2.6918453872203827
0,240,11,8,0,0.5531785488128662,2.6918453872203827
0,240,10,10,0,0.5531785488128662,2.6918453872203827
0,240,1,3,0,0.5531785488128662,2.6918453872203827
0,240,11,10,0,0.5531785488128662,2.6918453872203827
0,240,15,18,0,0.5531785488128662,2.6918453872203827
0,240,14,17,0,0.5531785488128662,2.6918453872203827
0,240,15,10,0,0.5531785488128662,2.6918453872203827
0,240,0,3,1,0.5531785488128662,2.6918453872203827
0,240,11,11,0,0.5531785488128662,2.6918453872203827
0,240,11,12,0,0.5531785488128662,2.6918453872203827
0,240,15,17,0,0.5531785488128662,2.6918453872203827
0,240,21,15,0,0.5531785488128662,2.6918453872203827
0,240,11,14,0,0.5531785488128662,2.6918453872203827
0,240,11,8,0,0.5531785488128662,2.6918453872203827
0,240,14,11,0,0.5531785488128662,2.6918453872203827
0,240,14,14,0,0.5531785488128662,2.6918453872203827
0,240,11,9,0,0.5531785488128662,2.6918453872203827
0,240,10,12,0,0.5531785488128662,2.6918453872203827
0,240,11,14,0,0.5531785488128662,2.6918453872203827
0,240,11,4,0,0.5531785488128662,2.6918453872203827
0,240,17,16,0,0.5531785488128662,2.6918453872203827
0,240,14,13,0,0.5531785488128662,2.6918453872203827
0,240,14,15,0,0.5531785488128662,2.6918453872203827
0,240,11,14,0,0.5531785488128662,2.6918453872203827
0,240,10,11,0,0.5531785488128662,2.6918453872203827
0,240,17,17,0,0.5531785488128662,2.6918453872203827
0,240,11,5,0,0.5531785488128662,2.6918453872203827
0,240,11,8,0,0.5531785488128662,2.6918453872203827
0,240,14,13,0,0.5531785488128662,2.6918453872203827
0,240,10,11,0,0.5531785488128662,2.6918453872203827
0,240,11,9,0,0.5531785488128662,2.6918453872203827
0,240,10,11,0,0.5531785488128662,2.6918453872203827
0,240,14,18,0,0.5531785488128662,2.6918453872203827
0,240,14,16,0,0.5531785488128662,2.6918453872203827
0,240,15,12,0,0.5531785488128662,2.6918453872203827
0,240,11,9,0,0.5531785488128662,2.6918453872203827
0,240,14,19,0,0.5531785488128662,2.6918453872203827
0,240,10,10,0,0.5531785488128662,2.6918453872203827
0,240,10,9,0,0.5531785488128662,2.6918453872203827
0,240,11,10,0,0.5531785488128662,2.6918453872203827
0,240,15,15,0,0.5531785488128662,2.6918453872203827
0,240,17,15,0,0.5531785488128662,2.6918453872203827
0,240,17,14,0,0.5531785488128662,2.6918453872203827
0,240,11,15,0,0.5531785488128662,2.6918453872203827
0,240,10,8,0,0.5531785488128662,2.6918453872203827
0,240,14,13,0,0.5531785488128662,2.6918453872203827
0,240,11,9,0,0.5531785488128662,2.6918453872203827
0,240,11,9,0,0.5531785488128662,2.6918453872203827
0,240,25,26,0,0.5531785488128662,2.6918453872203827
0,240,14,12,0,0.5531785488128662,2.6918453872203827
0,240,14,15,0,0.5531785488128662,2.6918453872203827
0,240,15,12,0,0.5531785488128662,2.6918453872203827
0,240,14,16,0,0.5531785488128662,2.6918453872203827
0,240,14,15,0,0.5531785488128662,2.6918453872203827
0,240,14,15,0,0.5531785488128662,2.6918453872203827
0,240,17,17,0,0.5531785488128662,2.6918453872203827
0,240,14,9,0,0.5531785488128662,2.6918453872203827
0,240,10,10,0,0.5531785488128662,2.6918453872203827
0,240,14,9,0,0.5531785488128662,2.6918453872203827
0,240,17,17,0,0.5531785488128662,2.6918453872203827
0,240,6,4,0,0.5531785488128662,2.6918453872203827
0,240,15,17,0,0.5531785488128662,2.6918453872203827
0,240,11,10,0,0.5531785488128662,2.6918453872203827
0,240,11,12,0,0.5531785488128662,2.6918453872203827
0,240,14,13,0,0.5531785488128662,2.6918453872203827
0,240,11,9,0,0.5531785488128662,2.6918453872203827
0,240,15,9,0,0.5531785488128662,2.6918453872203827
0,240,10,12,0,0.5531785488128662,2.6918453872203827
0,240,11,14,0,0.5531785488128662,2.6918453872203827
0,240,11,6,0,0.5531785488128662,2.6918453872203827
0,240,11,7,0,0.5531785488128662,2.6918453872203827
0,240,11,11,0,0.5531785488128662,2.6918453872203827
0,240,14,18,0,0.5531785488128662,2.6918453872203827
0,240,11,10,0,0.5531785488128662,2.6918453872203827
0,240,10,12,0,0.5531785488128662,2.6918453872203827
0,240,17,14,0,0.5531785488128662,2.6918453872203827
0,240,11,11,0,0.5531785488128662,2.6918453872203827
0,240,21,19,0,0.5531785488128662,2.6918453872203827
0,240,11,13,0,0.5531785488128662,2.6918453872203827
0,240,11,11,0,0.5531785488128662,2.6918453872203827
0,240,15,9,0,0.5531785488128662,2.6918453872203827
0,240,11,10,0,0.5531785488128662,2.6918453872203827
0,240,0,2,1,0.5531785488128662,2.6918453872203827
0,240,10,11,0,0.5531785488128662,2.6918453872203827
0,240,11,12,0,0.5531785488128662,2.6918453872203827
0,240,15,20,0,0.5531785488128662,2.6918453872203827
0,240,11,9,0,0.5531785488128662,2.6918453872203827
0,240,14,12,0,0.5531785488128662,2.6918453872203827
0,240,14,18,0,0.5531785488128662,2.6918453872203827
0,240,11,9,0,0.5531785488128662,2.6918453872203827
0,240,11,14,0,0.5531785488128662,2.6918453872203827
0,240,14,16,0,0.5531785488128662,2.6918453872203827
0,240,2,0,3,0.5531785488128662,2.6918453872203827
0,240,14,8,0,0.5531785488128662,2.6918453872203827
0,240,14,11,0,0.5531785488128662,2.6918453872203827
0,240,11,11,0,0.5531785488128662,2.6918453872203827
0,240,10,10,0,0.5531785488128662,2.6918453872203827
0,240,11,14,0,0.5531785488128662,2.6918453872203827
0,240,0,2,5,0.5531785488128662,2.6918453872203827
0,240,14,11,0,0.5531785488128662,2.6918453872203827
0,240,9,3,0,0.5531785488128662,2.6918453872203827
0,240,11,13,0,0.5531785488128662,2.6918453872203827
0,240,14,18,0,0.5531785488128662,2.6918453872203827
0,240,3,0,2,0.5531785488128662,2.6918453872203827
0,240,14,14,0,0.5531785488128662,2.6918453872203827
0,240,9,5,0,0.5531785488128662,2.6918453872203827
0,240,14,16,0,0.5531785488128662,2.6918453872203827
0,240,14,17,0,0.5531785488128662,2.6918453872203827
0,240,11,11,0,0.5531785488128662,2.6918453872203827
0,240,4,8,0,0.5531785488128662,2.6918453872203827
0,240,11,12,0,0.5531785488128662,2.6918453872203827
0,240,14,16,0,0.5531785488128662,2.6918453872203827
0,240,14,15,0,0.5531785488128662,2.6918453872203827
0,240,11,8,0,0.5531785488128662,2.6918453872203827
0,240,14,16,0,0.5531785488128662,2.6918453872203827
0,240,11,13,0,0.5531785488128662,2.6918453872203827
0,240,10,14,0,0.5531785488128662,2.6918453872203827
0,240,10,10,0,0.5531785488128662,2.6918453872203827
0,240,15,13,0,0.5531785488128662,2.6918453872203827
0,240,14,17,0,0.5531785488128662,2.6918453872203827
0,240,11,12,0,0.5531785488128662,2.6918453872203827
0,240,14,16,0,0.5531785488128662,2.6918453872203827
0,240,11,5,0,0.5531785488128662,2.6918453872203827
0,240,11,12,0,0.5531785488128662,2.6918453872203827
0,240,11,8,0,0.5531785488128662,2.6918453872203827
0,240,14,16,0,0.5531785488128662,2.6918453872203827
0,240,15,15,0,0.5531785488128662,2.6918453872203827
0,240,4,0,0,0.5531785488128662,2.6918453872203827
0,240,11,15,0,0.5531785488128662,2.6918453872203827
0,240,15,15,0,0.5531785488128662,2.6918453872203827
0,240,3,6,0,0.5531785488128662,2.6918453872203827
0,240,10,8,0,0.5531785488128662,2.6918453872203827
0,240,14,15,0,0.5531785488128662,2.6918453872203827
0,240,14,17,0,0.5531785488128662,2.6918453872203827
0,240,11,10,0,0.5531785488128662,2.6918453872203827
0,240,14,20,0,0.5531785488128662,2.6918453872203827
0,240,11,11,0,0.5531785488128662,2.6918453872203827
0,240,15,14,0,0.5531785488128662,2.6918453872203827
0,240,14,17,0,0.5531785488128662,2.6918453872203827
0,240,17,19,0,0.5531785488128662,2.6918453872203827
0,240,14,15,0,0.5531785488128662,2.6918453872203827
0,240,11,8,0,0.5531785488128662,2.6918453872203827
0,240,14,15,0,0.5531785488128662,2.6918453872203827
0,240,10,11,0,0.5531785488128662,2.6918453872203827
0,240,11,14,0,0.5531785488128662,2.6918453872203827
0,240,11,12,0,0.5531785488128662,2.6918453872203827
0,240,15,19,0,0.5531785488128662,2.6918453872203827
0,240,15,17,0,0.5531785488128662,2.6918453872203827
0,240,15,15,0,0.5531785488128662,2.6918453872203827
0,240,10,14,0,0.5531785488128662,2.6918453872203827
0,240,14,11,0,0.5531785488128662,2.6918453872203827
0,240,17,16,0,0.5531785488128662,2.6918453872203827
0,240,11,11,0,0.5531785488128662,2.6918453872203827
0,240,17,16,0,0.5531785488128662,2.6918453872203827
0,240,14,20,0,0.5531785488128662,2.6918453872203827
0,240,11,13,0,0.5531785488128662,2.6918453872203827
0,240,14,19,0,0.5531785488128662,2.6918453872203827
0,240,14,18,0,0.5531785488128662,2.6918453872203827
0,240,14,17,0,0.5531785488128662,2.6918453872203827
0,240,14,15,0,0.5531785488128662,2.6918453872203827
0,240,15,12,0,0.5531785488128662,2.6918453872203827
0,240,11,11,0,0.5531785488128662,2.6918453872203827
0,240,17,10,0,0.5531785488128662,2.6918453872203827
0,240,15,16,0,0.5531785488128662,2.6918453872203827
0,240,14,16,0,0.5531785488128662,2.6918453872203827
0,240,14,15,0,0.5531785488128662,2.6918453872203827
0,240,14,18,0,0.5531785488128662,2.6918453872203827
0,240,11,10,0,0.5531785488128662,2.6918453872203827
0,240,3,0,2,0.5531785488128662,2.6918453872203827
0,240,11,12,0,0.5531785488128662,2.6918453872203827
0,240,14,13,0,0.5531785488128662,2.6918453872203827
0,240,15,20,0,0.5531785488128662,2.6918453872203827
0,240,6,4,0,0.5531785488128662,2.6918453872203827
0,240,14,15,0,0.5531785488128662,2.6918453872203827
0,240,11,13,0,0.5531785488128662,2.6918453872203827
0,240,11,10,0,0.5531785488128662,2.6918453872203827
0,240,14,15,0,0.5531785488128662,2.6918453872203827
0,240,14,15,0,0.5531785488128662,2.6918453872203827
0,240,11,8,0,0.5531785488128662,2.6918453872203827
0,240,11,13,0,0.5531785488128662,2.6918453872203827
0,240,15,15,0,0.5531785488128662,2.6918453872203827
0,240,11,14,0,0.5531785488128662,2.6918453872203827
0,240,3,10,0,0.5531785488128662,2.6918453872203827
0,240,21,21,0,0.5531785488128662,2.6918453872203827
0,240,11,9,0,0.5531785488128662,2.6918453872203827
0,240,15,14,0,0.5531785488128662,2.6918453872203827
0,240,11,4,0,0.5531785488128662,2.6918453872203827
0,240,14,15,0,0.5531785488128662,2.6918453872203827
0,240,14,19,0,0.5531785488128662,2.6918453872203827
0,240,14,19,0,0.5531785488128662,2.6918453872203827
0,240,10,13,0,0.5531785488128662,2.6918453872203827
Total attack time: 648.9228684902191
1,220,18,0,5,0.5386781692504883,2.897702896595001
1,220,18,0,1,0.5386781692504883,2.897702896595001
0,220,28,22,0,0.5386781692504883,2.897702896595001
0,220,13,11,0,0.5386781692504883,2.897702896595001
0,220,28,23,0,0.5386781692504883,2.897702896595001
0,220,15,12,0,0.5386781692504883,2.897702896595001
0,220,15,15,0,0.5386781692504883,2.897702896595001
0,220,22,19,0,0.5386781692504883,2.897702896595001
0,220,13,13,0,0.5386781692504883,2.897702896595001
0,220,22,17,0,0.5386781692504883,2.897702896595001
0,220,22,17,0,0.5386781692504883,2.897702896595001
0,220,22,17,0,0.5386781692504883,2.897702896595001
0,220,22,15,0,0.5386781692504883,2.897702896595001
0,220,17,19,0,0.5386781692504883,2.897702896595001
0,220,13,9,0,0.5386781692504883,2.897702896595001
0,220,22,17,0,0.5386781692504883,2.897702896595001
0,220,4,0,0,0.5386781692504883,2.897702896595001
0,220,13,7,0,0.5386781692504883,2.897702896595001
0,220,17,16,0,0.5386781692504883,2.897702896595001
0,220,15,9,0,0.5386781692504883,2.897702896595001
0,220,17,20,0,0.5386781692504883,2.897702896595001
0,220,13,8,0,0.5386781692504883,2.897702896595001
0,220,26,20,0,0.5386781692504883,2.897702896595001
0,220,26,19,0,0.5386781692504883,2.897702896595001
0,220,15,14,0,0.5386781692504883,2.897702896595001
0,220,15,14,0,0.5386781692504883,2.897702896595001
0,220,13,2,0,0.5386781692504883,2.897702896595001
0,220,13,10,0,0.5386781692504883,2.897702896595001
0,220,15,10,0,0.5386781692504883,2.897702896595001
0,220,15,16,0,0.5386781692504883,2.897702896595001
0,220,15,14,0,0.5386781692504883,2.897702896595001
0,220,17,22,0,0.5386781692504883,2.897702896595001
0,220,1,0,1,0.5386781692504883,2.897702896595001
0,220,15,14,0,0.5386781692504883,2.897702896595001
0,220,17,15,0,0.5386781692504883,2.897702896595001
0,220,22,13,0,0.5386781692504883,2.897702896595001
0,220,26,17,0,0.5386781692504883,2.897702896595001
0,220,11,4,0,0.5386781692504883,2.897702896595001
0,220,17,19,0,0.5386781692504883,2.897702896595001
0,220,13,8,0,0.5386781692504883,2.897702896595001
0,220,22,15,0,0.5386781692504883,2.897702896595001
0,220,15,0,2,0.5386781692504883,2.897702896595001
0,220,17,17,0,0.5386781692504883,2.897702896595001
0,220,22,14,0,0.5386781692504883,2.897702896595001
0,220,22,17,0,0.5386781692504883,2.897702896595001
0,220,17,12,0,0.5386781692504883,2.897702896595001
0,220,15,15,0,0.5386781692504883,2.897702896595001
0,220,22,15,0,0.5386781692504883,2.897702896595001
0,220,15,12,0,0.5386781692504883,2.897702896595001
0,220,17,19,0,0.5386781692504883,2.897702896595001
0,220,15,10,0,0.5386781692504883,2.897702896595001
0,220,17,14,0,0.5386781692504883,2.897702896595001
0,220,22,15,0,0.5386781692504883,2.897702896595001
0,220,22,16,0,0.5386781692504883,2.897702896595001
0,220,15,14,0,0.5386781692504883,2.897702896595001
0,220,13,6,0,0.5386781692504883,2.897702896595001
0,220,17,15,0,0.5386781692504883,2.897702896595001
0,220,28,21,0,0.5386781692504883,2.897702896595001
0,220,13,9,0,0.5386781692504883,2.897702896595001
0,220,13,7,0,0.5386781692504883,2.897702896595001
0,220,15,12,0,0.5386781692504883,2.897702896595001
0,220,15,13,0,0.5386781692504883,2.897702896595001
0,220,22,15,0,0.5386781692504883,2.897702896595001
0,220,15,15,0,0.5386781692504883,2.897702896595001
0,220,26,23,0,0.5386781692504883,2.897702896595001
0,220,17,17,0,0.5386781692504883,2.897702896595001
0,220,13,7,0,0.5386781692504883,2.897702896595001
0,220,15,13,0,0.5386781692504883,2.897702896595001
0,220,13,8,0,0.5386781692504883,2.897702896595001
0,220,13,8,0,0.5386781692504883,2.897702896595001
0,220,15,13,0,0.5386781692504883,2.897702896595001
0,220,15,11,0,0.5386781692504883,2.897702896595001
0,220,13,9,0,0.5386781692504883,2.897702896595001
0,220,17,16,0,0.5386781692504883,2.897702896595001
0,220,13,10,0,0.5386781692504883,2.897702896595001
0,220,22,13,0,0.5386781692504883,2.897702896595001
0,220,15,13,0,0.5386781692504883,2.897702896595001
0,220,17,20,0,0.5386781692504883,2.897702896595001
0,220,15,11,0,0.5386781692504883,2.897702896595001
0,220,13,7,0,0.5386781692504883,2.897702896595001
0,220,22,18,0,0.5386781692504883,2.897702896595001
0,220,15,12,0,0.5386781692504883,2.897702896595001
0,220,13,11,0,0.5386781692504883,2.897702896595001
0,220,17,19,0,0.5386781692504883,2.897702896595001
0,220,15,8,0,0.5386781692504883,2.897702896595001
0,220,13,8,0,0.5386781692504883,2.897702896595001
0,220,22,17,0,0.5386781692504883,2.897702896595001
0,220,26,20,0,0.5386781692504883,2.897702896595001
0,220,15,14,0,0.5386781692504883,2.897702896595001
0,220,13,10,0,0.5386781692504883,2.897702896595001
0,220,22,17,0,0.5386781692504883,2.897702896595001
0,220,13,9,0,0.5386781692504883,2.897702896595001
0,220,13,13,0,0.5386781692504883,2.897702896595001
0,220,22,17,0,0.5386781692504883,2.897702896595001
0,220,22,16,0,0.5386781692504883,2.897702896595001
0,220,15,10,0,0.5386781692504883,2.897702896595001
0,220,15,9,0,0.5386781692504883,2.897702896595001
0,220,13,6,0,0.5386781692504883,2.897702896595001
0,220,22,4,0,0.5386781692504883,2.897702896595001
0,220,13,11,0,0.5386781692504883,2.897702896595001
0,220,13,6,0,0.5386781692504883,2.897702896595001
0,220,13,11,0,0.5386781692504883,2.897702896595001
0,220,15,10,0,0.5386781692504883,2.897702896595001
0,220,15,8,0,0.5386781692504883,2.897702896595001
0,220,15,6,0,0.5386781692504883,2.897702896595001
0,220,13,9,0,0.5386781692504883,2.897702896595001
0,220,22,17,0,0.5386781692504883,2.897702896595001
0,220,15,8,0,0.5386781692504883,2.897702896595001
0,220,15,10,0,0.5386781692504883,2.897702896595001
0,220,15,11,0,0.5386781692504883,2.897702896595001
0,220,15,12,0,0.5386781692504883,2.897702896595001
0,220,13,9,0,0.5386781692504883,2.897702896595001
0,220,15,14,0,0.5386781692504883,2.897702896595001
0,220,22,14,0,0.5386781692504883,2.897702896595001
0,220,13,8,0,0.5386781692504883,2.897702896595001
0,220,17,15,0,0.5386781692504883,2.897702896595001
0,220,15,9,0,0.5386781692504883,2.897702896595001
0,220,13,5,0,0.5386781692504883,2.897702896595001
0,220,13,8,0,0.5386781692504883,2.897702896595001
0,220,17,17,0,0.5386781692504883,2.897702896595001
0,220,15,12,0,0.5386781692504883,2.897702896595001
0,220,13,8,0,0.5386781692504883,2.897702896595001
0,220,17,18,0,0.5386781692504883,2.897702896595001
0,220,22,15,0,0.5386781692504883,2.897702896595001
0,220,15,12,0,0.5386781692504883,2.897702896595001
0,220,15,11,0,0.5386781692504883,2.897702896595001
0,220,17,15,0,0.5386781692504883,2.897702896595001
0,220,15,12,0,0.5386781692504883,2.897702896595001
0,220,22,18,0,0.5386781692504883,2.897702896595001
0,220,15,13,0,0.5386781692504883,2.897702896595001
0,220,22,17,0,0.5386781692504883,2.897702896595001
0,220,17,16,0,0.5386781692504883,2.897702896595001
0,220,15,16,0,0.5386781692504883,2.897702896595001
0,220,15,17,0,0.5386781692504883,2.897702896595001
0,220,15,11,0,0.5386781692504883,2.897702896595001
0,220,15,13,0,0.5386781692504883,2.897702896595001
0,220,15,9,0,0.5386781692504883,2.897702896595001
0,220,13,11,0,0.5386781692504883,2.897702896595001
0,220,15,10,0,0.5386781692504883,2.897702896595001
0,220,22,14,0,0.5386781692504883,2.897702896595001
0,220,22,11,0,0.5386781692504883,2.897702896595001
0,220,22,21,0,0.5386781692504883,2.897702896595001
0,220,17,17,0,0.5386781692504883,2.897702896595001
0,220,13,2,0,0.5386781692504883,2.897702896595001
0,220,17,15,0,0.5386781692504883,2.897702896595001
0,220,15,3,0,0.5386781692504883,2.897702896595001
0,220,15,12,0,0.5386781692504883,2.897702896595001
0,220,15,14,0,0.5386781692504883,2.897702896595001
0,220,13,7,0,0.5386781692504883,2.897702896595001
0,220,17,21,0,0.5386781692504883,2.897702896595001
0,220,22,19,0,0.5386781692504883,2.897702896595001
0,220,15,12,0,0.5386781692504883,2.897702896595001
0,220,17,10,0,0.5386781692504883,2.897702896595001
0,220,15,11,0,0.5386781692504883,2.897702896595001
0,220,17,15,0,0.5386781692504883,2.897702896595001
0,220,22,15,0,0.5386781692504883,2.897702896595001
0,220,15,12,0,0.5386781692504883,2.897702896595001
0,220,15,8,0,0.5386781692504883,2.897702896595001
0,220,17,19,0,0.5386781692504883,2.897702896595001
0,220,15,13,0,0.5386781692504883,2.897702896595001
0,220,22,19,0,0.5386781692504883,2.897702896595001
0,220,22,18,0,0.5386781692504883,2.897702896595001
0,220,13,10,0,0.5386781692504883,2.897702896595001
0,220,13,2,0,0.5386781692504883,2.897702896595001
0,220,15,13,0,0.5386781692504883,2.897702896595001
0,220,22,8,0,0.5386781692504883,2.897702896595001
0,220,1,0,1,0.5386781692504883,2.897702896595001
0,220,15,14,0,0.5386781692504883,2.897702896595001
0,220,15,15,0,0.5386781692504883,2.897702896595001
0,220,17,16,0,0.5386781692504883,2.897702896595001
0,220,15,15,0,0.5386781692504883,2.897702896595001
0,220,22,18,0,0.5386781692504883,2.897702896595001
0,220,15,12,0,0.5386781692504883,2.897702896595001
0,220,15,13,0,0.5386781692504883,2.897702896595001
0,220,22,11,0,0.5386781692504883,2.897702896595001
0,220,15,14,0,0.5386781692504883,2.897702896595001
0,220,15,11,0,0.5386781692504883,2.897702896595001
0,220,17,16,0,0.5386781692504883,2.897702896595001
0,220,22,18,0,0.5386781692504883,2.897702896595001
0,220,13,7,0,0.5386781692504883,2.897702896595001
0,220,15,14,0,0.5386781692504883,2.897702896595001
0,220,13,5,0,0.5386781692504883,2.897702896595001
0,220,15,12,0,0.5386781692504883,2.897702896595001
0,220,15,11,0,0.5386781692504883,2.897702896595001
0,220,15,14,0,0.5386781692504883,2.897702896595001
0,220,15,11,0,0.5386781692504883,2.897702896595001
0,220,13,1,0,0.5386781692504883,2.897702896595001
0,220,13,7,0,0.5386781692504883,2.897702896595001
0,220,15,15,0,0.5386781692504883,2.897702896595001
0,220,22,18,0,0.5386781692504883,2.897702896595001
0,220,15,12,0,0.5386781692504883,2.897702896595001
0,220,15,15,0,0.5386781692504883,2.897702896595001
0,220,15,12,0,0.5386781692504883,2.897702896595001
0,220,13,9,0,0.5386781692504883,2.897702896595001
0,220,15,12,0,0.5386781692504883,2.897702896595001
0,220,15,12,0,0.5386781692504883,2.897702896595001
0,220,17,17,0,0.5386781692504883,2.897702896595001
0,220,13,10,0,0.5386781692504883,2.897702896595001
0,220,13,11,0,0.5386781692504883,2.897702896595001
0,220,13,8,0,0.5386781692504883,2.897702896595001
0,220,4,5,0,0.5386781692504883,2.897702896595001
0,220,15,13,0,0.5386781692504883,2.897702896595001
0,220,15,16,0,0.5386781692504883,2.897702896595001
0,220,17,19,0,0.5386781692504883,2.897702896595001
0,220,15,16,0,0.5386781692504883,2.897702896595001
0,220,22,19,0,0.5386781692504883,2.897702896595001
0,220,13,8,0,0.5386781692504883,2.897702896595001
0,220,15,16,0,0.5386781692504883,2.897702896595001
0,220,13,9,0,0.5386781692504883,2.897702896595001
0,220,15,13,0,0.5386781692504883,2.897702896595001
0,220,28,22,0,0.5386781692504883,2.897702896595001
0,220,13,7,0,0.5386781692504883,2.897702896595001
0,220,13,9,0,0.5386781692504883,2.897702896595001
0,220,15,10,0,0.5386781692504883,2.897702896595001
0,220,13,12,0,0.5386781692504883,2.897702896595001
0,220,17,19,0,0.5386781692504883,2.897702896595001
0,220,13,12,0,0.5386781692504883,2.897702896595001
0,220,17,19,0,0.5386781692504883,2.897702896595001
0,220,15,13,0,0.5386781692504883,2.897702896595001
0,220,13,11,0,0.5386781692504883,2.897702896595001
0,220,15,7,0,0.5386781692504883,2.897702896595001
0,220,17,16,0,0.5386781692504883,2.897702896595001
0,220,13,10,0,0.5386781692504883,2.897702896595001
0,220,15,13,0,0.5386781692504883,2.897702896595001
0,220,15,14,0,0.5386781692504883,2.897702896595001
0,220,15,12,0,0.5386781692504883,2.897702896595001
0,220,13,12,0,0.5386781692504883,2.897702896595001
0,220,22,14,0,0.5386781692504883,2.897702896595001
0,220,15,12,0,0.5386781692504883,2.897702896595001
0,220,13,10,0,0.5386781692504883,2.897702896595001
0,220,13,7,0,0.5386781692504883,2.897702896595001
0,220,17,19,0,0.5386781692504883,2.897702896595001
0,220,15,8,0,0.5386781692504883,2.897702896595001
0,220,17,21,0,0.5386781692504883,2.897702896595001
0,220,22,17,0,0.5386781692504883,2.897702896595001
0,220,22,17,0,0.5386781692504883,2.897702896595001
0,220,15,15,0,0.5386781692504883,2.897702896595001
0,220,15,16,0,0.5386781692504883,2.897702896595001
0,220,13,7,0,0.5386781692504883,2.897702896595001
0,220,15,14,0,0.5386781692504883,2.897702896595001
0,220,15,14,0,0.5386781692504883,2.897702896595001
0,220,15,17,0,0.5386781692504883,2.897702896595001
0,220,15,16,0,0.5386781692504883,2.897702896595001
0,220,17,18,0,0.5386781692504883,2.897702896595001
0,220,13,10,0,0.5386781692504883,2.897702896595001
0,220,15,15,0,0.5386781692504883,2.897702896595001
0,220,15,15,0,0.5386781692504883,2.897702896595001
0,220,13,11,0,0.5386781692504883,2.897702896595001
0,220,15,14,0,0.5386781692504883,2.897702896595001
0,220,15,15,0,0.5386781692504883,2.897702896595001
0,220,15,11,0,0.5386781692504883,2.897702896595001
0,220,17,16,0,0.5386781692504883,2.897702896595001
0,220,22,14,0,0.5386781692504883,2.897702896595001
0,220,17,15,0,0.5386781692504883,2.897702896595001
0,220,13,3,0,0.5386781692504883,2.897702896595001
0,220,15,17,0,0.5386781692504883,2.897702896595001
0,220,15,15,0,0.5386781692504883,2.897702896595001
0,220,17,18,0,0.5386781692504883,2.897702896595001
0,220,15,16,0,0.5386781692504883,2.897702896595001
0,220,13,13,0,0.5386781692504883,2.897702896595001
0,220,15,14,0,0.5386781692504883,2.897702896595001
0,220,15,7,0,0.5386781692504883,2.897702896595001
0,220,15,14,0,0.5386781692504883,2.897702896595001
0,220,13,10,0,0.5386781692504883,2.897702896595001
0,220,17,19,0,0.5386781692504883,2.897702896595001
0,220,15,13,0,0.5386781692504883,2.897702896595001
0,220,15,16,0,0.5386781692504883,2.897702896595001
0,220,8,4,0,0.5386781692504883,2.897702896595001
0,220,22,15,0,0.5386781692504883,2.897702896595001
0,220,13,10,0,0.5386781692504883,2.897702896595001
0,220,15,12,0,0.5386781692504883,2.897702896595001
0,220,15,8,0,0.5386781692504883,2.897702896595001
0,220,15,5,0,0.5386781692504883,2.897702896595001
0,220,13,9,0,0.5386781692504883,2.897702896595001
0,220,15,16,0,0.5386781692504883,2.897702896595001
0,220,17,24,0,0.5386781692504883,2.897702896595001
0,220,15,16,0,0.5386781692504883,2.897702896595001
0,220,15,15,0,0.5386781692504883,2.897702896595001
0,220,13,11,0,0.5386781692504883,2.897702896595001
0,220,22,16,0,0.5386781692504883,2.897702896595001
0,220,22,11,0,0.5386781692504883,2.897702896595001
0,220,26,19,0,0.5386781692504883,2.897702896595001
0,220,15,12,0,0.5386781692504883,2.897702896595001
0,220,22,12,0,0.5386781692504883,2.897702896595001
0,220,13,13,0,0.5386781692504883,2.897702896595001
0,220,22,13,0,0.5386781692504883,2.897702896595001
0,220,8,4,0,0.5386781692504883,2.897702896595001
0,220,13,7,0,0.5386781692504883,2.897702896595001
0,220,17,20,0,0.5386781692504883,2.897702896595001
0,220,15,9,0,0.5386781692504883,2.897702896595001
0,220,17,11,0,0.5386781692504883,2.897702896595001
0,220,0,1,0,0.5386781692504883,2.897702896595001
0,220,13,10,0,0.5386781692504883,2.897702896595001
0,220,13,13,0,0.5386781692504883,2.897702896595001
0,220,17,21,0,0.5386781692504883,2.897702896595001
0,220,28,21,0,0.5386781692504883,2.897702896595001
0,220,13,7,0,0.5386781692504883,2.897702896595001
0,220,13,11,0,0.5386781692504883,2.897702896595001
0,220,15,7,0,0.5386781692504883,2.897702896595001
0,220,15,16,0,0.5386781692504883,2.897702896595001
0,220,13,10,0,0.5386781692504883,2.897702896595001
0,220,22,16,0,0.5386781692504883,2.897702896595001
0,220,13,6,0,0.5386781692504883,2.897702896595001
0,220,15,0,2,0.5386781692504883,2.897702896595001
0,220,17,16,0,0.5386781692504883,2.897702896595001
0,220,15,15,0,0.5386781692504883,2.897702896595001
0,220,15,13,0,0.5386781692504883,2.897702896595001
0,220,13,9,0,0.5386781692504883,2.897702896595001
0,220,22,18,0,0.5386781692504883,2.897702896595001
0,220,17,23,0,0.5386781692504883,2.897702896595001
0,220,14,0,1,0.5386781692504883,2.897702896595001
0,220,13,0,0,0.5386781692504883,2.897702896595001
0,220,15,15,0,0.5386781692504883,2.897702896595001
0,220,22,18,0,0.5386781692504883,2.897702896595001
0,220,13,8,0,0.5386781692504883,2.897702896595001
0,220,22,16,0,0.5386781692504883,2.897702896595001
0,220,15,14,0,0.5386781692504883,2.897702896595001
0,220,15,16,0,0.5386781692504883,2.897702896595001
0,220,17,19,0,0.5386781692504883,2.897702896595001
0,220,13,10,0,0.5386781692504883,2.897702896595001
0,220,15,11,0,0.5386781692504883,2.897702896595001
0,220,22,15,0,0.5386781692504883,2.897702896595001
0,220,22,17,0,0.5386781692504883,2.897702896595001
0,220,13,10,0,0.5386781692504883,2.897702896595001
0,220,17,21,0,0.5386781692504883,2.897702896595001
0,220,17,21,0,0.5386781692504883,2.897702896595001
0,220,17,19,0,0.5386781692504883,2.897702896595001
0,220,13,9,0,0.5386781692504883,2.897702896595001
0,220,22,19,0,0.5386781692504883,2.897702896595001
0,220,15,12,0,0.5386781692504883,2.897702896595001
0,220,13,8,0,0.5386781692504883,2.897702896595001
0,220,13,7,0,0.5386781692504883,2.897702896595001
0,220,28,23,0,0.5386781692504883,2.897702896595001
0,220,15,11,0,0.5386781692504883,2.897702896595001
0,220,15,12,0,0.5386781692504883,2.897702896595001
0,220,17,21,0,0.5386781692504883,2.897702896595001
0,220,15,15,0,0.5386781692504883,2.897702896595001
0,220,15,11,0,0.5386781692504883,2.897702896595001
0,220,15,14,0,0.5386781692504883,2.897702896595001
0,220,17,19,0,0.5386781692504883,2.897702896595001
0,220,15,9,0,0.5386781692504883,2.897702896595001
0,220,22,15,0,0.5386781692504883,2.897702896595001
0,220,15,5,0,0.5386781692504883,2.897702896595001
0,220,17,18,0,0.5386781692504883,2.897702896595001
0,220,4,3,0,0.5386781692504883,2.897702896595001
0,220,17,19,0,0.5386781692504883,2.897702896595001
0,220,13,10,0,0.5386781692504883,2.897702896595001
0,220,13,10,0,0.5386781692504883,2.897702896595001
0,220,15,14,0,0.5386781692504883,2.897702896595001
0,220,13,6,0,0.5386781692504883,2.897702896595001
0,220,17,20,0,0.5386781692504883,2.897702896595001
0,220,22,19,0,0.5386781692504883,2.897702896595001
0,220,13,6,0,0.5386781692504883,2.897702896595001
0,220,13,3,0,0.5386781692504883,2.897702896595001
0,220,13,5,0,0.5386781692504883,2.897702896595001
0,220,13,7,0,0.5386781692504883,2.897702896595001
0,220,15,12,0,0.5386781692504883,2.897702896595001
0,220,13,9,0,0.5386781692504883,2.897702896595001
0,220,22,17,0,0.5386781692504883,2.897702896595001
0,220,17,17,0,0.5386781692504883,2.897702896595001
0,220,13,7,0,0.5386781692504883,2.897702896595001
0,220,28,20,0,0.5386781692504883,2.897702896595001
0,220,13,8,0,0.5386781692504883,2.897702896595001
0,220,13,9,0,0.5386781692504883,2.897702896595001
0,220,17,15,0,0.5386781692504883,2.897702896595001
0,220,13,11,0,0.5386781692504883,2.897702896595001
0,220,3,0,3,0.5386781692504883,2.897702896595001
0,220,22,12,0,0.5386781692504883,2.897702896595001
0,220,13,10,0,0.5386781692504883,2.897702896595001
0,220,17,18,0,0.5386781692504883,2.897702896595001
0,220,13,0,0,0.5386781692504883,2.897702896595001
0,220,15,15,0,0.5386781692504883,2.897702896595001
0,220,15,14,0,0.5386781692504883,2.897702896595001
0,220,13,6,0,0.5386781692504883,2.897702896595001
0,220,13,9,0,0.5386781692504883,2.897702896595001
0,220,15,12,0,0.5386781692504883,2.897702896595001
0,220,1,0,2,0.5386781692504883,2.897702896595001
0,220,15,8,0,0.5386781692504883,2.897702896595001
0,220,15,13,0,0.5386781692504883,2.897702896595001
0,220,13,6,0,0.5386781692504883,2.897702896595001
0,220,22,15,0,0.5386781692504883,2.897702896595001
0,220,13,10,0,0.5386781692504883,2.897702896595001
0,220,6,3,0,0.5386781692504883,2.897702896595001
0,220,15,10,0,0.5386781692504883,2.897702896595001
0,220,8,0,0,0.5386781692504883,2.897702896595001
0,220,13,10,0,0.5386781692504883,2.897702896595001
0,220,15,14,0,0.5386781692504883,2.897702896595001
0,220,8,3,0,0.5386781692504883,2.897702896595001
0,220,15,12,0,0.5386781692504883,2.897702896595001
0,220,8,3,0,0.5386781692504883,2.897702896595001
0,220,15,14,0,0.5386781692504883,2.897702896595001
0,220,15,11,0,0.5386781692504883,2.897702896595001
0,220,13,9,0,0.5386781692504883,2.897702896595001
0,220,17,12,0,0.5386781692504883,2.897702896595001
0,220,13,9,0,0.5386781692504883,2.897702896595001
0,220,15,15,0,0.5386781692504883,2.897702896595001
0,220,15,13,0,0.5386781692504883,2.897702896595001
0,220,13,7,0,0.5386781692504883,2.897702896595001
0,220,15,12,0,0.5386781692504883,2.897702896595001
0,220,13,8,0,0.5386781692504883,2.897702896595001
0,220,22,17,0,0.5386781692504883,2.897702896595001
0,220,22,16,0,0.5386781692504883,2.897702896595001
0,220,17,17,0,0.5386781692504883,2.897702896595001
0,220,15,14,0,0.5386781692504883,2.897702896595001
0,220,13,12,0,0.5386781692504883,2.897702896595001
0,220,15,15,0,0.5386781692504883,2.897702896595001
0,220,13,7,0,0.5386781692504883,2.897702896595001
0,220,13,1,0,0.5386781692504883,2.897702896595001
0,220,13,1,0,0.5386781692504883,2.897702896595001
0,220,15,16,0,0.5386781692504883,2.897702896595001
0,220,17,16,0,0.5386781692504883,2.897702896595001
0,220,17,5,0,0.5386781692504883,2.897702896595001
0,220,13,6,0,0.5386781692504883,2.897702896595001
0,220,17,18,0,0.5386781692504883,2.897702896595001
0,220,11,6,0,0.5386781692504883,2.897702896595001
0,220,22,7,0,0.5386781692504883,2.897702896595001
0,220,15,8,0,0.5386781692504883,2.897702896595001
0,220,15,14,0,0.5386781692504883,2.897702896595001
0,220,13,9,0,0.5386781692504883,2.897702896595001
0,220,15,12,0,0.5386781692504883,2.897702896595001
0,220,13,7,0,0.5386781692504883,2.897702896595001
0,220,17,19,0,0.5386781692504883,2.897702896595001
0,220,15,14,0,0.5386781692504883,2.897702896595001
0,220,17,18,0,0.5386781692504883,2.897702896595001
0,220,15,10,0,0.5386781692504883,2.897702896595001
0,220,13,8,0,0.5386781692504883,2.897702896595001
0,220,15,10,0,0.5386781692504883,2.897702896595001
0,220,22,17,0,0.5386781692504883,2.897702896595001
0,220,13,8,0,0.5386781692504883,2.897702896595001
0,220,13,9,0,0.5386781692504883,2.897702896595001
0,220,17,20,0,0.5386781692504883,2.897702896595001
0,220,17,15,0,0.5386781692504883,2.897702896595001
0,220,17,14,0,0.5386781692504883,2.897702896595001
0,220,22,17,0,0.5386781692504883,2.897702896595001
0,220,15,10,0,0.5386781692504883,2.897702896595001
Total attack time: 640.2975559234619
1,200,15,0,2,0.5644195079803467,2.9879168605804445
1,200,20,0,1,0.5644195079803467,2.9879168605804445
0,200,17,17,0,0.5644195079803467,2.9879168605804445
0,200,13,9,0,0.5644195079803467,2.9879168605804445
0,200,17,17,0,0.5644195079803467,2.9879168605804445
0,200,9,9,0,0.5644195079803467,2.9879168605804445
0,200,9,11,0,0.5644195079803467,2.9879168605804445
0,200,17,11,0,0.5644195079803467,2.9879168605804445
0,200,13,15,0,0.5644195079803467,2.9879168605804445
0,200,17,9,0,0.5644195079803467,2.9879168605804445
0,200,17,9,0,0.5644195079803467,2.9879168605804445
0,200,17,9,0,0.5644195079803467,2.9879168605804445
0,200,17,6,0,0.5644195079803467,2.9879168605804445
0,200,16,18,0,0.5644195079803467,2.9879168605804445
0,200,13,14,0,0.5644195079803467,2.9879168605804445
0,200,17,11,0,0.5644195079803467,2.9879168605804445
0,200,4,2,0,0.5644195079803467,2.9879168605804445
0,200,13,10,0,0.5644195079803467,2.9879168605804445
0,200,16,15,0,0.5644195079803467,2.9879168605804445
0,200,9,16,0,0.5644195079803467,2.9879168605804445
0,200,19,21,0,0.5644195079803467,2.9879168605804445
0,200,13,12,0,0.5644195079803467,2.9879168605804445
0,200,22,17,0,0.5644195079803467,2.9879168605804445
0,200,22,18,0,0.5644195079803467,2.9879168605804445
0,200,9,10,0,0.5644195079803467,2.9879168605804445
0,200,9,10,0,0.5644195079803467,2.9879168605804445
0,200,13,8,0,0.5644195079803467,2.9879168605804445
0,200,13,14,0,0.5644195079803467,2.9879168605804445
0,200,9,12,0,0.5644195079803467,2.9879168605804445
0,200,9,13,0,0.5644195079803467,2.9879168605804445
0,200,9,15,0,0.5644195079803467,2.9879168605804445
0,200,19,23,0,0.5644195079803467,2.9879168605804445
0,200,1,2,0,0.5644195079803467,2.9879168605804445
0,200,9,8,0,0.5644195079803467,2.9879168605804445
0,200,16,18,0,0.5644195079803467,2.9879168605804445
0,200,17,6,0,0.5644195079803467,2.9879168605804445
0,200,22,17,0,0.5644195079803467,2.9879168605804445
0,200,4,6,0,0.5644195079803467,2.9879168605804445
0,200,16,19,0,0.5644195079803467,2.9879168605804445
0,200,13,9,0,0.5644195079803467,2.9879168605804445
0,200,17,7,0,0.5644195079803467,2.9879168605804445
0,200,13,7,0,0.5644195079803467,2.9879168605804445
0,200,16,14,0,0.5644195079803467,2.9879168605804445
0,200,17,12,0,0.5644195079803467,2.9879168605804445
0,200,17,15,0,0.5644195079803467,2.9879168605804445
0,200,9,2,0,0.5644195079803467,2.9879168605804445
0,200,9,13,0,0.5644195079803467,2.9879168605804445
0,200,17,12,0,0.5644195079803467,2.9879168605804445
0,200,9,11,0,0.5644195079803467,2.9879168605804445
0,200,16,18,0,0.5644195079803467,2.9879168605804445
0,200,9,11,0,0.5644195079803467,2.9879168605804445
0,200,19,19,0,0.5644195079803467,2.9879168605804445
0,200,17,12,0,0.5644195079803467,2.9879168605804445
0,200,17,13,0,0.5644195079803467,2.9879168605804445
0,200,9,14,0,0.5644195079803467,2.9879168605804445
0,200,13,16,0,0.5644195079803467,2.9879168605804445
0,200,16,16,0,0.5644195079803467,2.9879168605804445
0,200,17,18,0,0.5644195079803467,2.9879168605804445
0,200,13,13,0,0.5644195079803467,2.9879168605804445
0,200,13,13,0,0.5644195079803467,2.9879168605804445
0,200,9,14,0,0.5644195079803467,2.9879168605804445
0,200,9,18,0,0.5644195079803467,2.9879168605804445
0,200,17,12,0,0.5644195079803467,2.9879168605804445
0,200,9,17,0,0.5644195079803467,2.9879168605804445
0,200,22,21,0,0.5644195079803467,2.9879168605804445
0,200,19,18,0,0.5644195079803467,2.9879168605804445
0,200,13,12,0,0.5644195079803467,2.9879168605804445
0,200,9,12,0,0.5644195079803467,2.9879168605804445
0,200,13,13,0,0.5644195079803467,2.9879168605804445
0,200,13,13,0,0.5644195079803467,2.9879168605804445
0,200,9,9,0,0.5644195079803467,2.9879168605804445
0,200,9,12,0,0.5644195079803467,2.9879168605804445
0,200,13,8,0,0.5644195079803467,2.9879168605804445
0,200,16,15,0,0.5644195079803467,2.9879168605804445
0,200,13,13,0,0.5644195079803467,2.9879168605804445
0,200,17,12,0,0.5644195079803467,2.9879168605804445
0,200,9,16,0,0.5644195079803467,2.9879168605804445
0,200,16,15,0,0.5644195079803467,2.9879168605804445
0,200,9,12,0,0.5644195079803467,2.9879168605804445
0,200,13,10,0,0.5644195079803467,2.9879168605804445
0,200,17,13,0,0.5644195079803467,2.9879168605804445
0,200,9,11,0,0.5644195079803467,2.9879168605804445
0,200,13,7,0,0.5644195079803467,2.9879168605804445
0,200,16,20,0,0.5644195079803467,2.9879168605804445
0,200,9,11,0,0.5644195079803467,2.9879168605804445
0,200,13,15,0,0.5644195079803467,2.9879168605804445
0,200,17,13,0,0.5644195079803467,2.9879168605804445
0,200,22,21,0,0.5644195079803467,2.9879168605804445
0,200,9,14,0,0.5644195079803467,2.9879168605804445
0,200,13,12,0,0.5644195079803467,2.9879168605804445
0,200,17,12,0,0.5644195079803467,2.9879168605804445
0,200,13,14,0,0.5644195079803467,2.9879168605804445
0,200,13,15,0,0.5644195079803467,2.9879168605804445
0,200,17,14,0,0.5644195079803467,2.9879168605804445
0,200,17,15,0,0.5644195079803467,2.9879168605804445
0,200,9,14,0,0.5644195079803467,2.9879168605804445
0,200,9,12,0,0.5644195079803467,2.9879168605804445
0,200,13,10,0,0.5644195079803467,2.9879168605804445
0,200,17,4,0,0.5644195079803467,2.9879168605804445
0,200,13,12,0,0.5644195079803467,2.9879168605804445
0,200,13,14,0,0.5644195079803467,2.9879168605804445
0,200,13,11,0,0.5644195079803467,2.9879168605804445
0,200,9,7,0,0.5644195079803467,2.9879168605804445
0,200,9,13,0,0.5644195079803467,2.9879168605804445
0,200,9,11,0,0.5644195079803467,2.9879168605804445
0,200,13,12,0,0.5644195079803467,2.9879168605804445
0,200,17,11,0,0.5644195079803467,2.9879168605804445
0,200,9,14,0,0.5644195079803467,2.9879168605804445
0,200,9,7,0,0.5644195079803467,2.9879168605804445
0,200,9,12,0,0.5644195079803467,2.9879168605804445
0,200,9,15,0,0.5644195079803467,2.9879168605804445
0,200,13,11,0,0.5644195079803467,2.9879168605804445
0,200,9,15,0,0.5644195079803467,2.9879168605804445
0,200,17,10,0,0.5644195079803467,2.9879168605804445
0,200,13,13,0,0.5644195079803467,2.9879168605804445
0,200,16,17,0,0.5644195079803467,2.9879168605804445
0,200,9,11,0,0.5644195079803467,2.9879168605804445
0,200,13,8,0,0.5644195079803467,2.9879168605804445
0,200,13,10,0,0.5644195079803467,2.9879168605804445
0,200,16,14,0,0.5644195079803467,2.9879168605804445
0,200,9,13,0,0.5644195079803467,2.9879168605804445
0,200,13,14,0,0.5644195079803467,2.9879168605804445
0,200,16,19,0,0.5644195079803467,2.9879168605804445
0,200,17,11,0,0.5644195079803467,2.9879168605804445
0,200,9,13,0,0.5644195079803467,2.9879168605804445
0,200,9,14,0,0.5644195079803467,2.9879168605804445
0,200,16,21,0,0.5644195079803467,2.9879168605804445
0,200,9,12,0,0.5644195079803467,2.9879168605804445
0,200,17,12,0,0.5644195079803467,2.9879168605804445
0,200,9,13,0,0.5644195079803467,2.9879168605804445
0,200,17,15,0,0.5644195079803467,2.9879168605804445
0,200,19,17,0,0.5644195079803467,2.9879168605804445
0,200,9,10,0,0.5644195079803467,2.9879168605804445
0,200,9,10,0,0.5644195079803467,2.9879168605804445
0,200,9,12,0,0.5644195079803467,2.9879168605804445
0,200,9,9,0,0.5644195079803467,2.9879168605804445
0,200,9,10,0,0.5644195079803467,2.9879168605804445
0,200,13,14,0,0.5644195079803467,2.9879168605804445
0,200,9,13,0,0.5644195079803467,2.9879168605804445
0,200,17,13,0,0.5644195079803467,2.9879168605804445
0,200,17,12,0,0.5644195079803467,2.9879168605804445
0,200,21,23,0,0.5644195079803467,2.9879168605804445
0,200,16,14,0,0.5644195079803467,2.9879168605804445
0,200,13,7,0,0.5644195079803467,2.9879168605804445
0,200,16,15,0,0.5644195079803467,2.9879168605804445
0,200,9,9,0,0.5644195079803467,2.9879168605804445
0,200,9,16,0,0.5644195079803467,2.9879168605804445
0,200,9,16,0,0.5644195079803467,2.9879168605804445
0,200,13,13,0,0.5644195079803467,2.9879168605804445
0,200,16,19,0,0.5644195079803467,2.9879168605804445
0,200,17,12,0,0.5644195079803467,2.9879168605804445
0,200,9,11,0,0.5644195079803467,2.9879168605804445
0,200,19,11,0,0.5644195079803467,2.9879168605804445
0,200,9,11,0,0.5644195079803467,2.9879168605804445
0,200,19,18,0,0.5644195079803467,2.9879168605804445
0,200,17,8,0,0.5644195079803467,2.9879168605804445
0,200,9,10,0,0.5644195079803467,2.9879168605804445
0,200,9,11,0,0.5644195079803467,2.9879168605804445
0,200,16,18,0,0.5644195079803467,2.9879168605804445
0,200,9,14,0,0.5644195079803467,2.9879168605804445
0,200,17,15,0,0.5644195079803467,2.9879168605804445
0,200,17,9,0,0.5644195079803467,2.9879168605804445
0,200,13,14,0,0.5644195079803467,2.9879168605804445
0,200,13,8,0,0.5644195079803467,2.9879168605804445
0,200,9,15,0,0.5644195079803467,2.9879168605804445
0,200,17,7,0,0.5644195079803467,2.9879168605804445
0,200,2,0,1,0.5644195079803467,2.9879168605804445
0,200,9,8,0,0.5644195079803467,2.9879168605804445
0,200,9,12,0,0.5644195079803467,2.9879168605804445
0,200,9,5,0,0.5644195079803467,2.9879168605804445
0,200,9,13,0,0.5644195079803467,2.9879168605804445
0,200,17,12,0,0.5644195079803467,2.9879168605804445
0,200,9,16,0,0.5644195079803467,2.9879168605804445
0,200,9,15,0,0.5644195079803467,2.9879168605804445
0,200,17,16,0,0.5644195079803467,2.9879168605804445
0,200,9,12,0,0.5644195079803467,2.9879168605804445
0,200,9,9,0,0.5644195079803467,2.9879168605804445
0,200,16,14,0,0.5644195079803467,2.9879168605804445
0,200,17,9,0,0.5644195079803467,2.9879168605804445
0,200,13,9,0,0.5644195079803467,2.9879168605804445
0,200,9,12,0,0.5644195079803467,2.9879168605804445
0,200,13,11,0,0.5644195079803467,2.9879168605804445
0,200,9,12,0,0.5644195079803467,2.9879168605804445
0,200,9,12,0,0.5644195079803467,2.9879168605804445
0,200,9,8,0,0.5644195079803467,2.9879168605804445
0,200,9,13,0,0.5644195079803467,2.9879168605804445
0,200,13,3,0,0.5644195079803467,2.9879168605804445
0,200,13,11,0,0.5644195079803467,2.9879168605804445
0,200,9,9,0,0.5644195079803467,2.9879168605804445
0,200,17,12,0,0.5644195079803467,2.9879168605804445
0,200,9,9,0,0.5644195079803467,2.9879168605804445
0,200,9,12,0,0.5644195079803467,2.9879168605804445
0,200,9,13,0,0.5644195079803467,2.9879168605804445
0,200,13,14,0,0.5644195079803467,2.9879168605804445
0,200,9,10,0,0.5644195079803467,2.9879168605804445
0,200,9,11,0,0.5644195079803467,2.9879168605804445
0,200,16,13,0,0.5644195079803467,2.9879168605804445
0,200,13,10,0,0.5644195079803467,2.9879168605804445
0,200,13,7,0,0.5644195079803467,2.9879168605804445
0,200,13,11,0,0.5644195079803467,2.9879168605804445
0,200,4,3,0,0.5644195079803467,2.9879168605804445
0,200,9,10,0,0.5644195079803467,2.9879168605804445
0,200,9,12,0,0.5644195079803467,2.9879168605804445
0,200,16,17,0,0.5644195079803467,2.9879168605804445
0,200,9,9,0,0.5644195079803467,2.9879168605804445
0,200,17,11,0,0.5644195079803467,2.9879168605804445
0,200,13,13,0,0.5644195079803467,2.9879168605804445
0,200,9,14,0,0.5644195079803467,2.9879168605804445
0,200,13,11,0,0.5644195079803467,2.9879168605804445
0,200,9,9,0,0.5644195079803467,2.9879168605804445
0,200,17,15,0,0.5644195079803467,2.9879168605804445
0,200,13,13,0,0.5644195079803467,2.9879168605804445
0,200,13,6,0,0.5644195079803467,2.9879168605804445
0,200,9,14,0,0.5644195079803467,2.9879168605804445
0,200,13,13,0,0.5644195079803467,2.9879168605804445
0,200,19,21,0,0.5644195079803467,2.9879168605804445
0,200,13,12,0,0.5644195079803467,2.9879168605804445
0,200,16,13,0,0.5644195079803467,2.9879168605804445
0,200,9,10,0,0.5644195079803467,2.9879168605804445
0,200,13,12,0,0.5644195079803467,2.9879168605804445
0,200,9,10,0,0.5644195079803467,2.9879168605804445
0,200,16,14,0,0.5644195079803467,2.9879168605804445
0,200,13,12,0,0.5644195079803467,2.9879168605804445
0,200,9,10,0,0.5644195079803467,2.9879168605804445
0,200,9,12,0,0.5644195079803467,2.9879168605804445
0,200,9,10,0,0.5644195079803467,2.9879168605804445
0,200,13,14,0,0.5644195079803467,2.9879168605804445
0,200,17,10,0,0.5644195079803467,2.9879168605804445
0,200,9,12,0,0.5644195079803467,2.9879168605804445
0,200,13,13,0,0.5644195079803467,2.9879168605804445
0,200,13,12,0,0.5644195079803467,2.9879168605804445
0,200,16,17,0,0.5644195079803467,2.9879168605804445
0,200,9,7,0,0.5644195079803467,2.9879168605804445
0,200,19,20,0,0.5644195079803467,2.9879168605804445
0,200,17,10,0,0.5644195079803467,2.9879168605804445
0,200,17,9,0,0.5644195079803467,2.9879168605804445
0,200,9,13,0,0.5644195079803467,2.9879168605804445
0,200,9,10,0,0.5644195079803467,2.9879168605804445
0,200,13,9,0,0.5644195079803467,2.9879168605804445
0,200,9,12,0,0.5644195079803467,2.9879168605804445
0,200,9,14,0,0.5644195079803467,2.9879168605804445
0,200,9,9,0,0.5644195079803467,2.9879168605804445
0,200,9,12,0,0.5644195079803467,2.9879168605804445
0,200,16,14,0,0.5644195079803467,2.9879168605804445
0,200,13,10,0,0.5644195079803467,2.9879168605804445
0,200,9,12,0,0.5644195079803467,2.9879168605804445
0,200,9,10,0,0.5644195079803467,2.9879168605804445
0,200,13,11,0,0.5644195079803467,2.9879168605804445
0,200,9,16,0,0.5644195079803467,2.9879168605804445
0,200,9,10,0,0.5644195079803467,2.9879168605804445
0,200,9,15,0,0.5644195079803467,2.9879168605804445
0,200,16,14,0,0.5644195079803467,2.9879168605804445
0,200,17,15,0,0.5644195079803467,2.9879168605804445
0,200,16,14,0,0.5644195079803467,2.9879168605804445
0,200,13,14,0,0.5644195079803467,2.9879168605804445
0,200,9,11,0,0.5644195079803467,2.9879168605804445
0,200,9,11,0,0.5644195079803467,2.9879168605804445
0,200,16,13,0,0.5644195079803467,2.9879168605804445
0,200,9,10,0,0.5644195079803467,2.9879168605804445
0,200,13,14,0,0.5644195079803467,2.9879168605804445
0,200,9,11,0,0.5644195079803467,2.9879168605804445
0,200,9,3,0,0.5644195079803467,2.9879168605804445
0,200,9,15,0,0.5644195079803467,2.9879168605804445
0,200,13,12,0,0.5644195079803467,2.9879168605804445
0,200,16,16,0,0.5644195079803467,2.9879168605804445
0,200,9,12,0,0.5644195079803467,2.9879168605804445
0,200,9,13,0,0.5644195079803467,2.9879168605804445
0,200,8,8,0,0.5644195079803467,2.9879168605804445
0,200,17,13,0,0.5644195079803467,2.9879168605804445
0,200,13,12,0,0.5644195079803467,2.9879168605804445
0,200,9,14,0,0.5644195079803467,2.9879168605804445
0,200,9,11,0,0.5644195079803467,2.9879168605804445
0,200,9,2,0,0.5644195079803467,2.9879168605804445
0,200,13,9,0,0.5644195079803467,2.9879168605804445
0,200,9,9,0,0.5644195079803467,2.9879168605804445
0,200,19,22,0,0.5644195079803467,2.9879168605804445
0,200,9,11,0,0.5644195079803467,2.9879168605804445
0,200,9,10,0,0.5644195079803467,2.9879168605804445
0,200,13,10,0,0.5644195079803467,2.9879168605804445
0,200,17,12,0,0.5644195079803467,2.9879168605804445
0,200,17,9,0,0.5644195079803467,2.9879168605804445
0,200,22,17,0,0.5644195079803467,2.9879168605804445
0,200,9,15,0,0.5644195079803467,2.9879168605804445
0,200,17,11,0,0.5644195079803467,2.9879168605804445
0,200,13,12,0,0.5644195079803467,2.9879168605804445
0,200,17,12,0,0.5644195079803467,2.9879168605804445
0,200,5,4,0,0.5644195079803467,2.9879168605804445
0,200,13,10,0,0.5644195079803467,2.9879168605804445
0,200,16,18,0,0.5644195079803467,2.9879168605804445
0,200,9,14,0,0.5644195079803467,2.9879168605804445
0,200,16,18,0,0.5644195079803467,2.9879168605804445
0,200,2,0,1,0.5644195079803467,2.9879168605804445
0,200,13,13,0,0.5644195079803467,2.9879168605804445
0,200,13,16,0,0.5644195079803467,2.9879168605804445
0,200,16,17,0,0.5644195079803467,2.9879168605804445
0,200,17,12,0,0.5644195079803467,2.9879168605804445
0,200,13,12,0,0.5644195079803467,2.9879168605804445
0,200,13,14,0,0.5644195079803467,2.9879168605804445
0,200,9,10,0,0.5644195079803467,2.9879168605804445
0,200,9,14,0,0.5644195079803467,2.9879168605804445
0,200,13,15,0,0.5644195079803467,2.9879168605804445
0,200,17,15,0,0.5644195079803467,2.9879168605804445
0,200,13,12,0,0.5644195079803467,2.9879168605804445
0,200,13,7,0,0.5644195079803467,2.9879168605804445
0,200,19,21,0,0.5644195079803467,2.9879168605804445
0,200,9,15,0,0.5644195079803467,2.9879168605804445
0,200,9,17,0,0.5644195079803467,2.9879168605804445
0,200,13,10,0,0.5644195079803467,2.9879168605804445
0,200,17,14,0,0.5644195079803467,2.9879168605804445
0,200,19,24,0,0.5644195079803467,2.9879168605804445
0,200,13,9,0,0.5644195079803467,2.9879168605804445
0,200,13,11,0,0.5644195079803467,2.9879168605804445
0,200,9,11,0,0.5644195079803467,2.9879168605804445
0,200,17,10,0,0.5644195079803467,2.9879168605804445
0,200,13,13,0,0.5644195079803467,2.9879168605804445
0,200,17,15,0,0.5644195079803467,2.9879168605804445
0,200,9,14,0,0.5644195079803467,2.9879168605804445
0,200,9,18,0,0.5644195079803467,2.9879168605804445
0,200,16,16,0,0.5644195079803467,2.9879168605804445
0,200,13,13,0,0.5644195079803467,2.9879168605804445
0,200,9,13,0,0.5644195079803467,2.9879168605804445
0,200,17,10,0,0.5644195079803467,2.9879168605804445
0,200,17,12,0,0.5644195079803467,2.9879168605804445
0,200,13,14,0,0.5644195079803467,2.9879168605804445
0,200,16,17,0,0.5644195079803467,2.9879168605804445
0,200,19,24,0,0.5644195079803467,2.9879168605804445
0,200,19,20,0,0.5644195079803467,2.9879168605804445
0,200,13,13,0,0.5644195079803467,2.9879168605804445
0,200,17,10,0,0.5644195079803467,2.9879168605804445
0,200,9,10,0,0.5644195079803467,2.9879168605804445
0,200,13,12,0,0.5644195079803467,2.9879168605804445
0,200,13,10,0,0.5644195079803467,2.9879168605804445
0,200,24,24,0,0.5644195079803467,2.9879168605804445
0,200,9,14,0,0.5644195079803467,2.9879168605804445
0,200,9,11,0,0.5644195079803467,2.9879168605804445
0,200,16,17,0,0.5644195079803467,2.9879168605804445
0,200,9,12,0,0.5644195079803467,2.9879168605804445
0,200,9,11,0,0.5644195079803467,2.9879168605804445
0,200,9,11,0,0.5644195079803467,2.9879168605804445
0,200,19,22,0,0.5644195079803467,2.9879168605804445
0,200,9,15,0,0.5644195079803467,2.9879168605804445
0,200,17,12,0,0.5644195079803467,2.9879168605804445
0,200,9,6,0,0.5644195079803467,2.9879168605804445
0,200,19,23,0,0.5644195079803467,2.9879168605804445
0,200,4,1,0,0.5644195079803467,2.9879168605804445
0,200,16,17,0,0.5644195079803467,2.9879168605804445
0,200,13,16,0,0.5644195079803467,2.9879168605804445
0,200,13,14,0,0.5644195079803467,2.9879168605804445
0,200,9,12,0,0.5644195079803467,2.9879168605804445
0,200,13,12,0,0.5644195079803467,2.9879168605804445
0,200,16,14,0,0.5644195079803467,2.9879168605804445
0,200,17,15,0,0.5644195079803467,2.9879168605804445
0,200,13,13,0,0.5644195079803467,2.9879168605804445
0,200,13,9,0,0.5644195079803467,2.9879168605804445
0,200,13,13,0,0.5644195079803467,2.9879168605804445
0,200,13,15,0,0.5644195079803467,2.9879168605804445
0,200,9,12,0,0.5644195079803467,2.9879168605804445
0,200,13,13,0,0.5644195079803467,2.9879168605804445
0,200,17,15,0,0.5644195079803467,2.9879168605804445
0,200,19,18,0,0.5644195079803467,2.9879168605804445
0,200,13,14,0,0.5644195079803467,2.9879168605804445
0,200,17,17,0,0.5644195079803467,2.9879168605804445
0,200,13,12,0,0.5644195079803467,2.9879168605804445
0,200,13,13,0,0.5644195079803467,2.9879168605804445
0,200,16,11,0,0.5644195079803467,2.9879168605804445
0,200,13,11,0,0.5644195079803467,2.9879168605804445
0,200,2,0,1,0.5644195079803467,2.9879168605804445
0,200,17,12,0,0.5644195079803467,2.9879168605804445
0,200,13,15,0,0.5644195079803467,2.9879168605804445
0,200,16,17,0,0.5644195079803467,2.9879168605804445
0,200,13,7,0,0.5644195079803467,2.9879168605804445
0,200,9,11,0,0.5644195079803467,2.9879168605804445
0,200,9,13,0,0.5644195079803467,2.9879168605804445
0,200,13,10,0,0.5644195079803467,2.9879168605804445
0,200,13,10,0,0.5644195079803467,2.9879168605804445
0,200,9,11,0,0.5644195079803467,2.9879168605804445
0,200,4,0,1,0.5644195079803467,2.9879168605804445
0,200,9,6,0,0.5644195079803467,2.9879168605804445
0,200,9,6,0,0.5644195079803467,2.9879168605804445
0,200,13,10,0,0.5644195079803467,2.9879168605804445
0,200,17,11,0,0.5644195079803467,2.9879168605804445
0,200,13,12,0,0.5644195079803467,2.9879168605804445
0,200,0,3,0,0.5644195079803467,2.9879168605804445
0,200,9,11,0,0.5644195079803467,2.9879168605804445
0,200,8,6,0,0.5644195079803467,2.9879168605804445
0,200,13,10,0,0.5644195079803467,2.9879168605804445
0,200,9,15,0,0.5644195079803467,2.9879168605804445
0,200,6,0,1,0.5644195079803467,2.9879168605804445
0,200,9,13,0,0.5644195079803467,2.9879168605804445
0,200,8,9,0,0.5644195079803467,2.9879168605804445
0,200,9,12,0,0.5644195079803467,2.9879168605804445
0,200,9,14,0,0.5644195079803467,2.9879168605804445
0,200,13,14,0,0.5644195079803467,2.9879168605804445
0,200,9,4,0,0.5644195079803467,2.9879168605804445
0,200,13,14,0,0.5644195079803467,2.9879168605804445
0,200,9,14,0,0.5644195079803467,2.9879168605804445
0,200,9,11,0,0.5644195079803467,2.9879168605804445
0,200,13,7,0,0.5644195079803467,2.9879168605804445
0,200,9,14,0,0.5644195079803467,2.9879168605804445
Total attack time: 600.5133221149445
1,180,21,0,6,0.6371948719024658,1.7379821287261115
0,180,26,26,0,0.6371948719024658,1.7379821287261115
0,180,29,20,0,0.6371948719024658,1.7379821287261115
0,180,15,12,0,0.6371948719024658,1.7379821287261115
0,180,29,25,0,0.6371948719024658,1.7379821287261115
0,180,14,18,0,0.6371948719024658,1.7379821287261115
0,180,14,12,0,0.6371948719024658,1.7379821287261115
0,180,19,14,0,0.6371948719024658,1.7379821287261115
0,180,15,13,0,0.6371948719024658,1.7379821287261115
0,180,19,13,0,0.6371948719024658,1.7379821287261115
0,180,19,14,0,0.6371948719024658,1.7379821287261115
0,180,19,13,0,0.6371948719024658,1.7379821287261115
0,180,19,13,0,0.6371948719024658,1.7379821287261115
0,180,23,21,0,0.6371948719024658,1.7379821287261115
0,180,15,13,0,0.6371948719024658,1.7379821287261115
0,180,19,16,0,0.6371948719024658,1.7379821287261115
0,180,5,8,0,0.6371948719024658,1.7379821287261115
0,180,15,12,0,0.6371948719024658,1.7379821287261115
0,180,23,19,0,0.6371948719024658,1.7379821287261115
0,180,14,8,0,0.6371948719024658,1.7379821287261115
0,180,26,23,0,0.6371948719024658,1.7379821287261115
0,180,15,12,0,0.6371948719024658,1.7379821287261115
0,180,26,27,0,0.6371948719024658,1.7379821287261115
0,180,26,23,0,0.6371948719024658,1.7379821287261115
0,180,14,9,0,0.6371948719024658,1.7379821287261115
0,180,14,9,0,0.6371948719024658,1.7379821287261115
0,180,17,0,2,0.6371948719024658,1.7379821287261115
0,180,15,11,0,0.6371948719024658,1.7379821287261115
0,180,14,10,0,0.6371948719024658,1.7379821287261115
0,180,14,10,0,0.6371948719024658,1.7379821287261115
0,180,14,10,0,0.6371948719024658,1.7379821287261115
0,180,26,23,0,0.6371948719024658,1.7379821287261115
0,180,1,1,0,0.6371948719024658,1.7379821287261115
0,180,14,9,0,0.6371948719024658,1.7379821287261115
0,180,23,25,0,0.6371948719024658,1.7379821287261115
0,180,19,14,0,0.6371948719024658,1.7379821287261115
0,180,26,27,0,0.6371948719024658,1.7379821287261115
0,180,8,12,0,0.6371948719024658,1.7379821287261115
0,180,23,24,0,0.6371948719024658,1.7379821287261115
0,180,15,11,0,0.6371948719024658,1.7379821287261115
0,180,19,13,0,0.6371948719024658,1.7379821287261115
0,180,15,3,0,0.6371948719024658,1.7379821287261115
0,180,23,21,0,0.6371948719024658,1.7379821287261115
0,180,19,6,0,0.6371948719024658,1.7379821287261115
0,180,19,11,0,0.6371948719024658,1.7379821287261115
0,180,13,11,0,0.6371948719024658,1.7379821287261115
0,180,14,6,0,0.6371948719024658,1.7379821287261115
0,180,19,11,0,0.6371948719024658,1.7379821287261115
0,180,14,11,0,0.6371948719024658,1.7379821287261115
0,180,23,21,0,0.6371948719024658,1.7379821287261115
0,180,14,7,0,0.6371948719024658,1.7379821287261115
0,180,26,22,0,0.6371948719024658,1.7379821287261115
0,180,19,14,0,0.6371948719024658,1.7379821287261115
0,180,19,15,0,0.6371948719024658,1.7379821287261115
0,180,14,12,0,0.6371948719024658,1.7379821287261115
0,180,15,14,0,0.6371948719024658,1.7379821287261115
0,180,23,12,0,0.6371948719024658,1.7379821287261115
0,180,29,26,0,0.6371948719024658,1.7379821287261115
0,180,15,8,0,0.6371948719024658,1.7379821287261115
0,180,15,8,0,0.6371948719024658,1.7379821287261115
0,180,14,5,0,0.6371948719024658,1.7379821287261115
0,180,14,9,0,0.6371948719024658,1.7379821287261115
0,180,19,14,0,0.6371948719024658,1.7379821287261115
0,180,14,11,0,0.6371948719024658,1.7379821287261115
0,180,26,21,0,0.6371948719024658,1.7379821287261115
0,180,26,18,0,0.6371948719024658,1.7379821287261115
0,180,15,7,0,0.6371948719024658,1.7379821287261115
0,180,14,9,0,0.6371948719024658,1.7379821287261115
0,180,15,7,0,0.6371948719024658,1.7379821287261115
0,180,15,7,0,0.6371948719024658,1.7379821287261115
0,180,14,5,0,0.6371948719024658,1.7379821287261115
0,180,14,14,0,0.6371948719024658,1.7379821287261115
0,180,15,13,0,0.6371948719024658,1.7379821287261115
0,180,23,19,0,0.6371948719024658,1.7379821287261115
0,180,15,13,0,0.6371948719024658,1.7379821287261115
0,180,19,8,0,0.6371948719024658,1.7379821287261115
0,180,14,10,0,0.6371948719024658,1.7379821287261115
0,180,23,20,0,0.6371948719024658,1.7379821287261115
0,180,14,11,0,0.6371948719024658,1.7379821287261115
0,180,15,5,0,0.6371948719024658,1.7379821287261115
0,180,19,14,0,0.6371948719024658,1.7379821287261115
0,180,14,10,0,0.6371948719024658,1.7379821287261115
0,180,15,13,0,0.6371948719024658,1.7379821287261115
0,180,23,20,0,0.6371948719024658,1.7379821287261115
0,180,14,6,0,0.6371948719024658,1.7379821287261115
0,180,15,12,0,0.6371948719024658,1.7379821287261115
0,180,19,9,0,0.6371948719024658,1.7379821287261115
0,180,26,21,0,0.6371948719024658,1.7379821287261115
0,180,14,11,0,0.6371948719024658,1.7379821287261115
0,180,15,10,0,0.6371948719024658,1.7379821287261115
0,180,19,12,0,0.6371948719024658,1.7379821287261115
0,180,15,13,0,0.6371948719024658,1.7379821287261115
0,180,15,11,0,0.6371948719024658,1.7379821287261115
0,180,19,18,0,0.6371948719024658,1.7379821287261115
0,180,19,11,0,0.6371948719024658,1.7379821287261115
0,180,14,8,0,0.6371948719024658,1.7379821287261115
0,180,14,7,0,0.6371948719024658,1.7379821287261115
0,180,15,7,0,0.6371948719024658,1.7379821287261115
0,180,19,6,0,0.6371948719024658,1.7379821287261115
0,180,15,11,0,0.6371948719024658,1.7379821287261115
0,180,15,12,0,0.6371948719024658,1.7379821287261115
0,180,15,12,0,0.6371948719024658,1.7379821287261115
0,180,14,9,0,0.6371948719024658,1.7379821287261115
0,180,14,12,0,0.6371948719024658,1.7379821287261115
0,180,14,9,0,0.6371948719024658,1.7379821287261115
0,180,15,8,0,0.6371948719024658,1.7379821287261115
0,180,19,16,0,0.6371948719024658,1.7379821287261115
0,180,14,11,0,0.6371948719024658,1.7379821287261115
0,180,14,6,0,0.6371948719024658,1.7379821287261115
0,180,14,8,0,0.6371948719024658,1.7379821287261115
0,180,14,7,0,0.6371948719024658,1.7379821287261115
0,180,15,11,0,0.6371948719024658,1.7379821287261115
0,180,14,8,0,0.6371948719024658,1.7379821287261115
0,180,19,12,0,0.6371948719024658,1.7379821287261115
0,180,15,11,0,0.6371948719024658,1.7379821287261115
0,180,23,19,0,0.6371948719024658,1.7379821287261115
0,180,14,11,0,0.6371948719024658,1.7379821287261115
0,180,15,3,0,0.6371948719024658,1.7379821287261115
0,180,15,11,0,0.6371948719024658,1.7379821287261115
0,180,23,16,0,0.6371948719024658,1.7379821287261115
0,180,14,7,0,0.6371948719024658,1.7379821287261115
0,180,15,8,0,0.6371948719024658,1.7379821287261115
0,180,23,20,0,0.6371948719024658,1.7379821287261115
0,180,19,7,0,0.6371948719024658,1.7379821287261115
0,180,14,8,0,0.6371948719024658,1.7379821287261115
0,180,14,12,0,0.6371948719024658,1.7379821287261115
0,180,23,20,0,0.6371948719024658,1.7379821287261115
0,180,14,6,0,0.6371948719024658,1.7379821287261115
0,180,19,15,0,0.6371948719024658,1.7379821287261115
0,180,14,7,0,0.6371948719024658,1.7379821287261115
0,180,19,12,0,0.6371948719024658,1.7379821287261115
0,180,26,19,0,0.6371948719024658,1.7379821287261115
0,180,14,8,0,0.6371948719024658,1.7379821287261115
0,180,14,10,0,0.6371948719024658,1.7379821287261115
0,180,14,9,0,0.6371948719024658,1.7379821287261115
0,180,14,6,0,0.6371948719024658,1.7379821287261115
0,180,14,6,0,0.6371948719024658,1.7379821287261115
0,180,15,9,0,0.6371948719024658,1.7379821287261115
0,180,14,11,0,0.6371948719024658,1.7379821287261115
0,180,19,11,0,0.6371948719024658,1.7379821287261115
0,180,19,6,0,0.6371948719024658,1.7379821287261115
0,180,34,30,0,0.6371948719024658,1.7379821287261115
0,180,23,13,0,0.6371948719024658,1.7379821287261115
0,180,15,7,0,0.6371948719024658,1.7379821287261115
0,180,23,16,0,0.6371948719024658,1.7379821287261115
0,180,14,3,0,0.6371948719024658,1.7379821287261115
0,180,14,12,0,0.6371948719024658,1.7379821287261115
0,180,14,9,0,0.6371948719024658,1.7379821287261115
0,180,15,7,0,0.6371948719024658,1.7379821287261115
0,180,23,17,0,0.6371948719024658,1.7379821287261115
0,180,19,11,0,0.6371948719024658,1.7379821287261115
0,180,14,8,0,0.6371948719024658,1.7379821287261115
0,180,26,21,0,0.6371948719024658,1.7379821287261115
0,180,14,11,0,0.6371948719024658,1.7379821287261115
0,180,26,24,0,0.6371948719024658,1.7379821287261115
0,180,19,8,0,0.6371948719024658,1.7379821287261115
0,180,14,4,0,0.6371948719024658,1.7379821287261115
0,180,14,8,0,0.6371948719024658,1.7379821287261115
0,180,23,23,0,0.6371948719024658,1.7379821287261115
0,180,14,10,0,0.6371948719024658,1.7379821287261115
0,180,19,13,0,0.6371948719024658,1.7379821287261115
0,180,19,10,0,0.6371948719024658,1.7379821287261115
0,180,15,12,0,0.6371948719024658,1.7379821287261115
0,180,15,5,0,0.6371948719024658,1.7379821287261115
0,180,14,10,0,0.6371948719024658,1.7379821287261115
0,180,19,13,0,0.6371948719024658,1.7379821287261115
0,180,1,0,0,0.6371948719024658,1.7379821287261115
0,180,14,13,0,0.6371948719024658,1.7379821287261115
0,180,14,10,0,0.6371948719024658,1.7379821287261115
0,180,13,7,0,0.6371948719024658,1.7379821287261115
0,180,14,10,0,0.6371948719024658,1.7379821287261115
0,180,19,11,0,0.6371948719024658,1.7379821287261115
0,180,14,6,0,0.6371948719024658,1.7379821287261115
0,180,14,11,0,0.6371948719024658,1.7379821287261115
0,180,19,15,0,0.6371948719024658,1.7379821287261115
0,180,14,11,0,0.6371948719024658,1.7379821287261115
0,180,14,9,0,0.6371948719024658,1.7379821287261115
0,180,23,21,0,0.6371948719024658,1.7379821287261115
0,180,19,13,0,0.6371948719024658,1.7379821287261115
0,180,15,10,0,0.6371948719024658,1.7379821287261115
0,180,14,13,0,0.6371948719024658,1.7379821287261115
0,180,15,15,0,0.6371948719024658,1.7379821287261115
0,180,14,9,0,0.6371948719024658,1.7379821287261115
0,180,14,12,0,0.6371948719024658,1.7379821287261115
0,180,14,10,0,0.6371948719024658,1.7379821287261115
0,180,14,9,0,0.6371948719024658,1.7379821287261115
0,180,15,1,0,0.6371948719024658,1.7379821287261115
0,180,15,17,0,0.6371948719024658,1.7379821287261115
0,180,14,10,0,0.6371948719024658,1.7379821287261115
0,180,19,14,0,0.6371948719024658,1.7379821287261115
0,180,14,9,0,0.6371948719024658,1.7379821287261115
0,180,14,11,0,0.6371948719024658,1.7379821287261115
0,180,14,14,0,0.6371948719024658,1.7379821287261115
0,180,15,12,0,0.6371948719024658,1.7379821287261115
0,180,14,9,0,0.6371948719024658,1.7379821287261115
0,180,14,9,0,0.6371948719024658,1.7379821287261115
0,180,23,21,0,0.6371948719024658,1.7379821287261115
0,180,15,9,0,0.6371948719024658,1.7379821287261115
0,180,15,11,0,0.6371948719024658,1.7379821287261115
0,180,15,12,0,0.6371948719024658,1.7379821287261115
0,180,5,6,0,0.6371948719024658,1.7379821287261115
0,180,14,11,0,0.6371948719024658,1.7379821287261115
0,180,14,7,0,0.6371948719024658,1.7379821287261115
0,180,23,18,0,0.6371948719024658,1.7379821287261115
0,180,14,14,0,0.6371948719024658,1.7379821287261115
0,180,19,11,0,0.6371948719024658,1.7379821287261115
0,180,15,12,0,0.6371948719024658,1.7379821287261115
0,180,14,11,0,0.6371948719024658,1.7379821287261115
0,180,15,7,0,0.6371948719024658,1.7379821287261115
0,180,14,10,0,0.6371948719024658,1.7379821287261115
0,180,29,21,0,0.6371948719024658,1.7379821287261115
0,180,15,13,0,0.6371948719024658,1.7379821287261115
0,180,15,8,0,0.6371948719024658,1.7379821287261115
0,180,14,11,0,0.6371948719024658,1.7379821287261115
0,180,15,14,0,0.6371948719024658,1.7379821287261115
0,180,26,26,0,0.6371948719024658,1.7379821287261115
0,180,15,9,0,0.6371948719024658,1.7379821287261115
0,180,23,18,0,0.6371948719024658,1.7379821287261115
0,180,14,7,0,0.6371948719024658,1.7379821287261115
0,180,15,10,0,0.6371948719024658,1.7379821287261115
0,180,14,9,0,0.6371948719024658,1.7379821287261115
0,180,23,20,0,0.6371948719024658,1.7379821287261115
0,180,15,11,0,0.6371948719024658,1.7379821287261115
0,180,14,10,0,0.6371948719024658,1.7379821287261115
0,180,14,9,0,0.6371948719024658,1.7379821287261115
0,180,14,7,0,0.6371948719024658,1.7379821287261115
0,180,15,13,0,0.6371948719024658,1.7379821287261115
0,180,19,15,0,0.6371948719024658,1.7379821287261115
0,180,14,10,0,0.6371948719024658,1.7379821287261115
0,180,15,14,0,0.6371948719024658,1.7379821287261115
0,180,15,10,0,0.6371948719024658,1.7379821287261115
0,180,23,20,0,0.6371948719024658,1.7379821287261115
0,180,14,5,0,0.6371948719024658,1.7379821287261115
0,180,26,24,0,0.6371948719024658,1.7379821287261115
0,180,19,12,0,0.6371948719024658,1.7379821287261115
0,180,19,17,0,0.6371948719024658,1.7379821287261115
0,180,14,12,0,0.6371948719024658,1.7379821287261115
0,180,14,11,0,0.6371948719024658,1.7379821287261115
0,180,15,12,0,0.6371948719024658,1.7379821287261115
0,180,14,5,0,0.6371948719024658,1.7379821287261115
0,180,14,11,0,0.6371948719024658,1.7379821287261115
0,180,14,11,0,0.6371948719024658,1.7379821287261115
0,180,14,8,0,0.6371948719024658,1.7379821287261115
0,180,23,23,0,0.6371948719024658,1.7379821287261115
0,180,15,5,0,0.6371948719024658,1.7379821287261115
0,180,14,9,0,0.6371948719024658,1.7379821287261115
0,180,14,10,0,0.6371948719024658,1.7379821287261115
0,180,15,12,0,0.6371948719024658,1.7379821287261115
0,180,14,15,0,0.6371948719024658,1.7379821287261115
0,180,14,6,0,0.6371948719024658,1.7379821287261115
0,180,14,10,0,0.6371948719024658,1.7379821287261115
0,180,23,17,0,0.6371948719024658,1.7379821287261115
0,180,19,18,0,0.6371948719024658,1.7379821287261115
0,180,23,14,0,0.6371948719024658,1.7379821287261115
0,180,15,14,0,0.6371948719024658,1.7379821287261115
0,180,14,11,0,0.6371948719024658,1.7379821287261115
0,180,14,14,0,0.6371948719024658,1.7379821287261115
0,180,23,18,0,0.6371948719024658,1.7379821287261115
0,180,14,13,0,0.6371948719024658,1.7379821287261115
0,180,15,16,0,0.6371948719024658,1.7379821287261115
0,180,14,7,0,0.6371948719024658,1.7379821287261115
0,180,14,8,0,0.6371948719024658,1.7379821287261115
0,180,14,13,0,0.6371948719024658,1.7379821287261115
0,180,15,16,0,0.6371948719024658,1.7379821287261115
0,180,23,25,0,0.6371948719024658,1.7379821287261115
0,180,14,8,0,0.6371948719024658,1.7379821287261115
0,180,14,12,0,0.6371948719024658,1.7379821287261115
0,180,12,6,0,0.6371948719024658,1.7379821287261115
0,180,19,17,0,0.6371948719024658,1.7379821287261115
0,180,15,13,0,0.6371948719024658,1.7379821287261115
0,180,14,12,0,0.6371948719024658,1.7379821287261115
0,180,14,13,0,0.6371948719024658,1.7379821287261115
0,180,14,6,0,0.6371948719024658,1.7379821287261115
0,180,15,14,0,0.6371948719024658,1.7379821287261115
0,180,14,12,0,0.6371948719024658,1.7379821287261115
0,180,26,25,0,0.6371948719024658,1.7379821287261115
0,180,14,14,0,0.6371948719024658,1.7379821287261115
0,180,14,7,0,0.6371948719024658,1.7379821287261115
0,180,15,5,0,0.6371948719024658,1.7379821287261115
0,180,19,17,0,0.6371948719024658,1.7379821287261115
0,180,19,13,0,0.6371948719024658,1.7379821287261115
0,180,26,25,0,0.6371948719024658,1.7379821287261115
0,180,14,8,0,0.6371948719024658,1.7379821287261115
0,180,19,8,0,0.6371948719024658,1.7379821287261115
0,180,15,15,0,0.6371948719024658,1.7379821287261115
0,180,19,22,0,0.6371948719024658,1.7379821287261115
0,180,11,9,0,0.6371948719024658,1.7379821287261115
0,180,15,11,0,0.6371948719024658,1.7379821287261115
0,180,23,24,0,0.6371948719024658,1.7379821287261115
0,180,14,12,0,0.6371948719024658,1.7379821287261115
0,180,23,17,0,0.6371948719024658,1.7379821287261115
0,180,1,2,0,0.6371948719024658,1.7379821287261115
0,180,15,11,0,0.6371948719024658,1.7379821287261115
0,180,15,10,0,0.6371948719024658,1.7379821287261115
0,180,23,22,0,0.6371948719024658,1.7379821287261115
0,180,29,20,0,0.6371948719024658,1.7379821287261115
0,180,15,14,0,0.6371948719024658,1.7379821287261115
0,180,15,14,0,0.6371948719024658,1.7379821287261115
0,180,14,9,0,0.6371948719024658,1.7379821287261115
0,180,14,12,0,0.6371948719024658,1.7379821287261115
0,180,15,9,0,0.6371948719024658,1.7379821287261115
0,180,19,16,0,0.6371948719024658,1.7379821287261115
0,180,15,12,0,0.6371948719024658,1.7379821287261115
0,180,15,3,0,0.6371948719024658,1.7379821287261115
0,180,26,22,0,0.6371948719024658,1.7379821287261115
0,180,14,12,0,0.6371948719024658,1.7379821287261115
0,180,14,8,0,0.6371948719024658,1.7379821287261115
0,180,15,12,0,0.6371948719024658,1.7379821287261115
0,180,19,10,0,0.6371948719024658,1.7379821287261115
0,180,26,23,0,0.6371948719024658,1.7379821287261115
0,180,15,5,0,0.6371948719024658,1.7379821287261115
0,180,15,10,0,0.6371948719024658,1.7379821287261115
0,180,14,11,0,0.6371948719024658,1.7379821287261115
0,180,19,16,0,0.6371948719024658,1.7379821287261115
0,180,15,12,0,0.6371948719024658,1.7379821287261115
0,180,19,14,0,0.6371948719024658,1.7379821287261115
0,180,14,12,0,0.6371948719024658,1.7379821287261115
0,180,14,12,0,0.6371948719024658,1.7379821287261115
0,180,23,20,0,0.6371948719024658,1.7379821287261115
0,180,15,13,0,0.6371948719024658,1.7379821287261115
0,180,14,11,0,0.6371948719024658,1.7379821287261115
0,180,19,19,0,0.6371948719024658,1.7379821287261115
0,180,19,13,0,0.6371948719024658,1.7379821287261115
0,180,15,11,0,0.6371948719024658,1.7379821287261115
0,180,23,21,0,0.6371948719024658,1.7379821287261115
0,180,26,25,0,0.6371948719024658,1.7379821287261115
0,180,26,25,0,0.6371948719024658,1.7379821287261115
0,180,15,10,0,0.6371948719024658,1.7379821287261115
0,180,19,20,0,0.6371948719024658,1.7379821287261115
0,180,14,8,0,0.6371948719024658,1.7379821287261115
0,180,15,15,0,0.6371948719024658,1.7379821287261115
0,180,15,10,0,0.6371948719024658,1.7379821287261115
0,180,31,23,0,0.6371948719024658,1.7379821287261115
0,180,14,5,0,0.6371948719024658,1.7379821287261115
0,180,14,15,0,0.6371948719024658,1.7379821287261115
0,180,23,19,0,0.6371948719024658,1.7379821287261115
0,180,14,10,0,0.6371948719024658,1.7379821287261115
0,180,14,10,0,0.6371948719024658,1.7379821287261115
0,180,14,13,0,0.6371948719024658,1.7379821287261115
0,180,26,21,0,0.6371948719024658,1.7379821287261115
0,180,14,6,0,0.6371948719024658,1.7379821287261115
0,180,19,12,0,0.6371948719024658,1.7379821287261115
0,180,14,6,0,0.6371948719024658,1.7379821287261115
0,180,26,21,0,0.6371948719024658,1.7379821287261115
0,180,5,6,0,0.6371948719024658,1.7379821287261115
0,180,23,23,0,0.6371948719024658,1.7379821287261115
0,180,15,12,0,0.6371948719024658,1.7379821287261115
0,180,15,10,0,0.6371948719024658,1.7379821287261115
0,180,14,7,0,0.6371948719024658,1.7379821287261115
0,180,15,10,0,0.6371948719024658,1.7379821287261115
0,180,23,20,0,0.6371948719024658,1.7379821287261115
0,180,19,16,0,0.6371948719024658,1.7379821287261115
0,180,15,10,0,0.6371948719024658,1.7379821287261115
0,180,15,11,0,0.6371948719024658,1.7379821287261115
0,180,15,8,0,0.6371948719024658,1.7379821287261115
0,180,15,12,0,0.6371948719024658,1.7379821287261115
0,180,14,9,0,0.6371948719024658,1.7379821287261115
0,180,15,11,0,0.6371948719024658,1.7379821287261115
0,180,19,11,0,0.6371948719024658,1.7379821287261115
1,180,19,0,4,0.6982283592224121,1.8747928261756897
0,180,13,13,0,0.6982283592224121,1.8747928261756897
0,180,15,10,0,0.6982283592224121,1.8747928261756897
0,180,15,14,0,0.6982283592224121,1.8747928261756897
0,180,15,15,0,0.6982283592224121,1.8747928261756897
0,180,15,11,0,0.6982283592224121,1.8747928261756897
0,180,13,18,0,0.6982283592224121,1.8747928261756897
0,180,13,17,0,0.6982283592224121,1.8747928261756897
0,180,15,17,0,0.6982283592224121,1.8747928261756897
0,180,8,12,0,0.6982283592224121,1.8747928261756897
0,180,15,17,0,0.6982283592224121,1.8747928261756897
0,180,15,7,0,0.6982283592224121,1.8747928261756897
0,180,15,17,0,0.6982283592224121,1.8747928261756897
0,180,13,12,0,0.6982283592224121,1.8747928261756897
0,180,15,12,0,0.6982283592224121,1.8747928261756897
0,180,15,14,0,0.6982283592224121,1.8747928261756897
0,180,25,21,0,0.6982283592224121,1.8747928261756897
0,180,13,13,0,0.6982283592224121,1.8747928261756897
0,180,13,15,0,0.6982283592224121,1.8747928261756897
0,180,13,15,0,0.6982283592224121,1.8747928261756897
0,180,4,7,0,0.6982283592224121,1.8747928261756897
0,180,15,14,0,0.6982283592224121,1.8747928261756897
0,180,15,13,0,0.6982283592224121,1.8747928261756897
0,180,25,18,0,0.6982283592224121,1.8747928261756897
0,180,15,17,0,0.6982283592224121,1.8747928261756897
0,180,8,13,0,0.6982283592224121,1.8747928261756897
0,180,13,12,0,0.6982283592224121,1.8747928261756897
0,180,15,13,0,0.6982283592224121,1.8747928261756897
0,180,13,10,0,0.6982283592224121,1.8747928261756897
0,180,15,14,0,0.6982283592224121,1.8747928261756897
0,180,25,25,0,0.6982283592224121,1.8747928261756897
0,180,13,17,0,0.6982283592224121,1.8747928261756897
0,180,13,15,0,0.6982283592224121,1.8747928261756897
0,180,15,11,0,0.6982283592224121,1.8747928261756897
0,180,13,14,0,0.6982283592224121,1.8747928261756897
0,180,22,23,0,0.6982283592224121,1.8747928261756897
0,180,13,10,0,0.6982283592224121,1.8747928261756897
0,180,25,23,0,0.6982283592224121,1.8747928261756897
0,180,15,15,0,0.6982283592224121,1.8747928261756897
0,180,13,10,0,0.6982283592224121,1.8747928261756897
0,180,15,17,0,0.6982283592224121,1.8747928261756897
0,180,25,20,0,0.6982283592224121,1.8747928261756897
0,180,13,13,0,0.6982283592224121,1.8747928261756897
0,180,15,16,0,0.6982283592224121,1.8747928261756897
0,180,15,15,0,0.6982283592224121,1.8747928261756897
0,180,15,9,0,0.6982283592224121,1.8747928261756897
0,180,13,13,0,0.6982283592224121,1.8747928261756897
0,180,8,9,0,0.6982283592224121,1.8747928261756897
0,180,15,11,0,0.6982283592224121,1.8747928261756897
0,180,13,15,0,0.6982283592224121,1.8747928261756897
0,180,13,13,0,0.6982283592224121,1.8747928261756897
0,180,25,22,0,0.6982283592224121,1.8747928261756897
0,180,15,13,0,0.6982283592224121,1.8747928261756897
0,180,22,26,0,0.6982283592224121,1.8747928261756897
0,180,8,16,0,0.6982283592224121,1.8747928261756897
0,180,8,8,0,0.6982283592224121,1.8747928261756897
0,180,15,17,0,0.6982283592224121,1.8747928261756897
0,180,15,15,0,0.6982283592224121,1.8747928261756897
0,180,13,10,0,0.6982283592224121,1.8747928261756897
0,180,15,16,0,0.6982283592224121,1.8747928261756897
0,180,15,15,0,0.6982283592224121,1.8747928261756897
0,180,15,13,0,0.6982283592224121,1.8747928261756897
0,180,15,10,0,0.6982283592224121,1.8747928261756897
0,180,25,21,0,0.6982283592224121,1.8747928261756897
0,180,13,13,0,0.6982283592224121,1.8747928261756897
0,180,15,17,0,0.6982283592224121,1.8747928261756897
0,180,15,16,0,0.6982283592224121,1.8747928261756897
0,180,13,18,0,0.6982283592224121,1.8747928261756897
0,180,15,16,0,0.6982283592224121,1.8747928261756897
0,180,15,16,0,0.6982283592224121,1.8747928261756897
0,180,15,14,0,0.6982283592224121,1.8747928261756897
0,180,25,21,0,0.6982283592224121,1.8747928261756897
0,180,8,12,0,0.6982283592224121,1.8747928261756897
0,180,25,19,0,0.6982283592224121,1.8747928261756897
0,180,13,10,0,0.6982283592224121,1.8747928261756897
0,180,15,15,0,0.6982283592224121,1.8747928261756897
0,180,15,14,0,0.6982283592224121,1.8747928261756897
0,180,25,20,0,0.6982283592224121,1.8747928261756897
0,180,15,15,0,0.6982283592224121,1.8747928261756897
0,180,13,14,0,0.6982283592224121,1.8747928261756897
0,180,15,16,0,0.6982283592224121,1.8747928261756897
0,180,15,15,0,0.6982283592224121,1.8747928261756897
0,180,15,17,0,0.6982283592224121,1.8747928261756897
0,180,13,18,0,0.6982283592224121,1.8747928261756897
0,180,25,20,0,0.6982283592224121,1.8747928261756897
0,180,15,15,0,0.6982283592224121,1.8747928261756897
0,180,15,9,0,0.6982283592224121,1.8747928261756897
0,180,9,1,0,0.6982283592224121,1.8747928261756897
0,180,8,11,0,0.6982283592224121,1.8747928261756897
0,180,13,13,0,0.6982283592224121,1.8747928261756897
0,180,15,16,0,0.6982283592224121,1.8747928261756897
0,180,15,10,0,0.6982283592224121,1.8747928261756897
0,180,15,9,0,0.6982283592224121,1.8747928261756897
0,180,13,12,0,0.6982283592224121,1.8747928261756897
0,180,15,15,0,0.6982283592224121,1.8747928261756897
0,180,22,20,0,0.6982283592224121,1.8747928261756897
0,180,15,16,0,0.6982283592224121,1.8747928261756897
0,180,15,13,0,0.6982283592224121,1.8747928261756897
0,180,13,12,0,0.6982283592224121,1.8747928261756897
0,180,8,8,0,0.6982283592224121,1.8747928261756897
0,180,8,8,0,0.6982283592224121,1.8747928261756897
0,180,21,16,0,0.6982283592224121,1.8747928261756897
0,180,15,13,0,0.6982283592224121,1.8747928261756897
0,180,8,10,0,0.6982283592224121,1.8747928261756897
0,180,13,15,0,0.6982283592224121,1.8747928261756897
0,180,8,15,0,0.6982283592224121,1.8747928261756897
0,180,0,5,3,0.6982283592224121,1.8747928261756897
0,180,13,4,0,0.6982283592224121,1.8747928261756897
0,180,25,21,0,0.6982283592224121,1.8747928261756897
0,180,15,15,0,0.6982283592224121,1.8747928261756897
0,180,25,22,0,0.6982283592224121,1.8747928261756897
0,180,2,0,1,0.6982283592224121,1.8747928261756897
0,180,13,11,0,0.6982283592224121,1.8747928261756897
0,180,13,10,0,0.6982283592224121,1.8747928261756897
0,180,25,23,0,0.6982283592224121,1.8747928261756897
0,180,25,27,0,0.6982283592224121,1.8747928261756897
0,180,13,10,0,0.6982283592224121,1.8747928261756897
0,180,13,13,0,0.6982283592224121,1.8747928261756897
0,180,15,13,0,0.6982283592224121,1.8747928261756897
0,180,15,18,0,0.6982283592224121,1.8747928261756897
0,180,13,12,0,0.6982283592224121,1.8747928261756897
0,180,8,12,0,0.6982283592224121,1.8747928261756897
0,180,13,17,0,0.6982283592224121,1.8747928261756897
0,180,13,14,0,0.6982283592224121,1.8747928261756897
0,180,22,23,0,0.6982283592224121,1.8747928261756897
0,180,15,14,0,0.6982283592224121,1.8747928261756897
0,180,15,10,0,0.6982283592224121,1.8747928261756897
0,180,13,7,0,0.6982283592224121,1.8747928261756897
0,180,8,11,0,0.6982283592224121,1.8747928261756897
0,180,22,21,0,0.6982283592224121,1.8747928261756897
0,180,13,11,0,0.6982283592224121,1.8747928261756897
0,180,13,8,0,0.6982283592224121,1.8747928261756897
0,180,15,16,0,0.6982283592224121,1.8747928261756897
0,180,8,12,0,0.6982283592224121,1.8747928261756897
0,180,13,16,0,0.6982283592224121,1.8747928261756897
0,180,8,13,0,0.6982283592224121,1.8747928261756897
0,180,15,15,0,0.6982283592224121,1.8747928261756897
0,180,15,17,0,0.6982283592224121,1.8747928261756897
0,180,25,19,0,0.6982283592224121,1.8747928261756897
0,180,13,14,0,0.6982283592224121,1.8747928261756897
0,180,15,15,0,0.6982283592224121,1.8747928261756897
0,180,8,14,0,0.6982283592224121,1.8747928261756897
0,180,8,10,0,0.6982283592224121,1.8747928261756897
0,180,13,15,0,0.6982283592224121,1.8747928261756897
0,180,25,19,0,0.6982283592224121,1.8747928261756897
0,180,22,20,0,0.6982283592224121,1.8747928261756897
0,180,22,11,0,0.6982283592224121,1.8747928261756897
0,180,13,13,0,0.6982283592224121,1.8747928261756897
0,180,8,5,0,0.6982283592224121,1.8747928261756897
0,180,15,13,0,0.6982283592224121,1.8747928261756897
0,180,13,14,0,0.6982283592224121,1.8747928261756897
0,180,13,5,0,0.6982283592224121,1.8747928261756897
0,180,23,27,0,0.6982283592224121,1.8747928261756897
0,180,15,12,0,0.6982283592224121,1.8747928261756897
0,180,15,14,0,0.6982283592224121,1.8747928261756897
0,180,25,22,0,0.6982283592224121,1.8747928261756897
0,180,15,13,0,0.6982283592224121,1.8747928261756897
0,180,15,15,0,0.6982283592224121,1.8747928261756897
0,180,15,13,0,0.6982283592224121,1.8747928261756897
0,180,22,18,0,0.6982283592224121,1.8747928261756897
0,180,15,14,0,0.6982283592224121,1.8747928261756897
0,180,8,14,0,0.6982283592224121,1.8747928261756897
0,180,15,7,0,0.6982283592224121,1.8747928261756897
0,180,22,18,0,0.6982283592224121,1.8747928261756897
0,180,22,24,0,0.6982283592224121,1.8747928261756897
0,180,4,1,0,0.6982283592224121,1.8747928261756897
0,180,25,19,0,0.6982283592224121,1.8747928261756897
0,180,13,9,0,0.6982283592224121,1.8747928261756897
0,180,13,11,0,0.6982283592224121,1.8747928261756897
0,180,15,10,0,0.6982283592224121,1.8747928261756897
0,180,13,10,0,0.6982283592224121,1.8747928261756897
0,180,25,17,0,0.6982283592224121,1.8747928261756897
0,180,8,14,0,0.6982283592224121,1.8747928261756897
0,180,13,10,0,0.6982283592224121,1.8747928261756897
0,180,13,6,0,0.6982283592224121,1.8747928261756897
0,180,13,14,0,0.6982283592224121,1.8747928261756897
0,180,13,13,0,0.6982283592224121,1.8747928261756897
0,180,15,15,0,0.6982283592224121,1.8747928261756897
0,180,13,6,0,0.6982283592224121,1.8747928261756897
0,180,8,11,0,0.6982283592224121,1.8747928261756897
0,180,22,20,0,0.6982283592224121,1.8747928261756897
0,180,13,13,0,0.6982283592224121,1.8747928261756897
0,180,25,23,0,0.6982283592224121,1.8747928261756897
0,180,13,16,0,0.6982283592224121,1.8747928261756897
0,180,13,14,0,0.6982283592224121,1.8747928261756897
0,180,25,21,0,0.6982283592224121,1.8747928261756897
0,180,13,12,0,0.6982283592224121,1.8747928261756897
0,180,1,0,0,0.6982283592224121,1.8747928261756897
0,180,8,7,0,0.6982283592224121,1.8747928261756897
0,180,13,13,0,0.6982283592224121,1.8747928261756897
0,180,25,19,0,0.6982283592224121,1.8747928261756897
0,180,13,15,0,0.6982283592224121,1.8747928261756897
0,180,15,12,0,0.6982283592224121,1.8747928261756897
0,180,15,15,0,0.6982283592224121,1.8747928261756897
0,180,13,11,0,0.6982283592224121,1.8747928261756897
0,180,13,15,0,0.6982283592224121,1.8747928261756897
0,180,15,9,0,0.6982283592224121,1.8747928261756897
0,180,0,2,3,0.6982283592224121,1.8747928261756897
0,180,15,13,0,0.6982283592224121,1.8747928261756897
0,180,15,17,0,0.6982283592224121,1.8747928261756897
0,180,13,13,0,0.6982283592224121,1.8747928261756897
0,180,8,14,0,0.6982283592224121,1.8747928261756897
0,180,13,13,0,0.6982283592224121,1.8747928261756897
0,180,1,2,0,0.6982283592224121,1.8747928261756897
0,180,15,15,0,0.6982283592224121,1.8747928261756897
0,180,9,9,0,0.6982283592224121,1.8747928261756897
0,180,13,12,0,0.6982283592224121,1.8747928261756897
0,180,15,10,0,0.6982283592224121,1.8747928261756897
0,180,0,6,3,0.6982283592224121,1.8747928261756897
0,180,15,16,0,0.6982283592224121,1.8747928261756897
0,180,9,7,0,0.6982283592224121,1.8747928261756897
0,180,15,18,0,0.6982283592224121,1.8747928261756897
0,180,15,14,0,0.6982283592224121,1.8747928261756897
0,180,13,14,0,0.6982283592224121,1.8747928261756897
0,180,12,9,0,0.6982283592224121,1.8747928261756897
0,180,13,13,0,0.6982283592224121,1.8747928261756897
0,180,15,13,0,0.6982283592224121,1.8747928261756897
0,180,15,13,0,0.6982283592224121,1.8747928261756897
0,180,13,12,0,0.6982283592224121,1.8747928261756897
0,180,15,9,0,0.6982283592224121,1.8747928261756897
0,180,13,13,0,0.6982283592224121,1.8747928261756897
0,180,21,18,0,0.6982283592224121,1.8747928261756897
0,180,8,11,0,0.6982283592224121,1.8747928261756897
0,180,8,12,0,0.6982283592224121,1.8747928261756897
0,180,25,22,0,0.6982283592224121,1.8747928261756897
0,180,25,22,0,0.6982283592224121,1.8747928261756897
0,180,15,12,0,0.6982283592224121,1.8747928261756897
0,180,13,14,0,0.6982283592224121,1.8747928261756897
0,180,15,15,0,0.6982283592224121,1.8747928261756897
0,180,13,12,0,0.6982283592224121,1.8747928261756897
0,180,13,12,0,0.6982283592224121,1.8747928261756897
0,180,13,14,0,0.6982283592224121,1.8747928261756897
0,180,15,13,0,0.6982283592224121,1.8747928261756897
0,180,25,13,0,0.6982283592224121,1.8747928261756897
0,180,12,9,0,0.6982283592224121,1.8747928261756897
0,180,13,12,0,0.6982283592224121,1.8747928261756897
0,180,25,11,0,0.6982283592224121,1.8747928261756897
0,180,6,3,0,0.6982283592224121,1.8747928261756897
0,180,8,7,0,0.6982283592224121,1.8747928261756897
0,180,15,16,0,0.6982283592224121,1.8747928261756897
0,180,15,18,0,0.6982283592224121,1.8747928261756897
0,180,13,16,0,0.6982283592224121,1.8747928261756897
0,180,15,13,0,0.6982283592224121,1.8747928261756897
0,180,13,11,0,0.6982283592224121,1.8747928261756897
0,180,25,19,0,0.6982283592224121,1.8747928261756897
0,180,15,14,0,0.6982283592224121,1.8747928261756897
0,180,22,21,0,0.6982283592224121,1.8747928261756897
0,180,15,11,0,0.6982283592224121,1.8747928261756897
0,180,13,16,0,0.6982283592224121,1.8747928261756897
0,180,15,14,0,0.6982283592224121,1.8747928261756897
0,180,8,10,0,0.6982283592224121,1.8747928261756897
0,180,13,14,0,0.6982283592224121,1.8747928261756897
0,180,13,13,0,0.6982283592224121,1.8747928261756897
0,180,25,21,0,0.6982283592224121,1.8747928261756897
0,180,25,22,0,0.6982283592224121,1.8747928261756897
0,180,25,22,0,0.6982283592224121,1.8747928261756897
0,180,8,14,0,0.6982283592224121,1.8747928261756897
0,180,15,14,0,0.6982283592224121,1.8747928261756897
0,180,22,21,0,0.6982283592224121,1.8747928261756897
0,180,13,13,0,0.6982283592224121,1.8747928261756897
0,180,22,22,0,0.6982283592224121,1.8747928261756897
0,180,15,14,0,0.6982283592224121,1.8747928261756897
0,180,13,16,0,0.6982283592224121,1.8747928261756897
0,180,15,15,0,0.6982283592224121,1.8747928261756897
0,180,15,15,0,0.6982283592224121,1.8747928261756897
0,180,15,12,0,0.6982283592224121,1.8747928261756897
0,180,15,14,0,0.6982283592224121,1.8747928261756897
0,180,25,23,0,0.6982283592224121,1.8747928261756897
0,180,13,12,0,0.6982283592224121,1.8747928261756897
0,180,22,20,0,0.6982283592224121,1.8747928261756897
0,180,25,20,0,0.6982283592224121,1.8747928261756897
0,180,15,17,0,0.6982283592224121,1.8747928261756897
0,180,15,16,0,0.6982283592224121,1.8747928261756897
0,180,15,7,0,0.6982283592224121,1.8747928261756897
0,180,13,16,0,0.6982283592224121,1.8747928261756897
0,180,0,11,3,0.6982283592224121,1.8747928261756897
0,180,13,13,0,0.6982283592224121,1.8747928261756897
0,180,15,10,0,0.6982283592224121,1.8747928261756897
0,180,25,19,0,0.6982283592224121,1.8747928261756897
0,180,4,6,0,0.6982283592224121,1.8747928261756897
0,180,15,11,0,0.6982283592224121,1.8747928261756897
0,180,13,8,0,0.6982283592224121,1.8747928261756897
0,180,13,13,0,0.6982283592224121,1.8747928261756897
0,180,15,15,0,0.6982283592224121,1.8747928261756897
0,180,15,14,0,0.6982283592224121,1.8747928261756897
0,180,13,12,0,0.6982283592224121,1.8747928261756897
0,180,13,13,0,0.6982283592224121,1.8747928261756897
0,180,25,21,0,0.6982283592224121,1.8747928261756897
0,180,13,15,0,0.6982283592224121,1.8747928261756897
0,180,6,8,0,0.6982283592224121,1.8747928261756897
0,180,25,21,0,0.6982283592224121,1.8747928261756897
0,180,13,9,0,0.6982283592224121,1.8747928261756897
0,180,25,18,0,0.6982283592224121,1.8747928261756897
0,180,13,11,0,0.6982283592224121,1.8747928261756897
0,180,15,11,0,0.6982283592224121,1.8747928261756897
0,180,15,13,0,0.6982283592224121,1.8747928261756897
0,180,15,16,0,0.6982283592224121,1.8747928261756897
0,180,8,17,0,0.6982283592224121,1.8747928261756897
0,180,15,15,0,0.6982283592224121,1.8747928261756897
0,180,15,15,0,0.6982283592224121,1.8747928261756897
0,180,25,26,0,0.6982283592224121,1.8747928261756897
0,180,15,14,0,0.6982283592224121,1.8747928261756897
0,180,4,8,0,0.6982283592224121,1.8747928261756897
0,180,15,14,0,0.6982283592224121,1.8747928261756897
0,180,13,14,0,0.6982283592224121,1.8747928261756897
0,180,15,16,0,0.6982283592224121,1.8747928261756897
0,180,13,17,0,0.6982283592224121,1.8747928261756897
0,180,8,16,0,0.6982283592224121,1.8747928261756897
0,180,15,15,0,0.6982283592224121,1.8747928261756897
0,180,13,17,0,0.6982283592224121,1.8747928261756897
0,180,13,14,0,0.6982283592224121,1.8747928261756897
0,180,8,15,0,0.6982283592224121,1.8747928261756897
0,180,6,8,0,0.6982283592224121,1.8747928261756897
0,180,15,8,0,0.6982283592224121,1.8747928261756897
0,180,13,15,0,0.6982283592224121,1.8747928261756897
0,180,15,17,0,0.6982283592224121,1.8747928261756897
0,180,8,14,0,0.6982283592224121,1.8747928261756897
0,180,13,16,0,0.6982283592224121,1.8747928261756897
0,180,15,20,0,0.6982283592224121,1.8747928261756897
0,180,15,18,0,0.6982283592224121,1.8747928261756897
0,180,22,26,0,0.6982283592224121,1.8747928261756897
0,180,8,14,0,0.6982283592224121,1.8747928261756897
0,180,13,14,0,0.6982283592224121,1.8747928261756897
0,180,8,13,0,0.6982283592224121,1.8747928261756897
0,180,25,20,0,0.6982283592224121,1.8747928261756897
0,180,22,20,0,0.6982283592224121,1.8747928261756897
0,180,13,15,0,0.6982283592224121,1.8747928261756897
0,180,8,13,0,0.6982283592224121,1.8747928261756897
0,180,8,15,0,0.6982283592224121,1.8747928261756897
0,180,8,15,0,0.6982283592224121,1.8747928261756897
0,180,13,15,0,0.6982283592224121,1.8747928261756897
0,180,15,15,0,0.6982283592224121,1.8747928261756897
0,180,8,14,0,0.6982283592224121,1.8747928261756897
0,180,15,18,0,0.6982283592224121,1.8747928261756897
0,180,15,17,0,0.6982283592224121,1.8747928261756897
0,180,15,19,0,0.6982283592224121,1.8747928261756897
0,180,25,15,0,0.6982283592224121,1.8747928261756897
0,180,25,17,0,0.6982283592224121,1.8747928261756897
0,180,21,20,0,0.6982283592224121,1.8747928261756897
0,180,15,8,0,0.6982283592224121,1.8747928261756897
0,180,15,19,0,0.6982283592224121,1.8747928261756897
0,180,15,14,0,0.6982283592224121,1.8747928261756897
0,180,15,16,0,0.6982283592224121,1.8747928261756897
0,180,15,15,0,0.6982283592224121,1.8747928261756897
0,180,15,16,0,0.6982283592224121,1.8747928261756897
0,180,15,15,0,0.6982283592224121,1.8747928261756897
0,180,6,6,0,0.6982283592224121,1.8747928261756897
0,180,12,15,0,0.6982283592224121,1.8747928261756897
0,180,15,13,0,0.6982283592224121,1.8747928261756897
0,180,15,17,0,0.6982283592224121,1.8747928261756897
0,180,13,12,0,0.6982283592224121,1.8747928261756897
0,180,25,25,0,0.6982283592224121,1.8747928261756897
0,180,8,14,0,0.6982283592224121,1.8747928261756897
0,180,8,14,0,0.6982283592224121,1.8747928261756897
0,180,13,16,0,0.6982283592224121,1.8747928261756897
0,180,15,16,0,0.6982283592224121,1.8747928261756897
0,180,25,20,0,0.6982283592224121,1.8747928261756897
Total attack time: 656.2342581748962
1,160,18,0,1,0.7010529041290283,1.9896508038043976
0,160,27,26,0,0.7010529041290283,1.9896508038043976
0,160,22,21,0,0.7010529041290283,1.9896508038043976
0,160,17,16,0,0.7010529041290283,1.9896508038043976
0,160,22,24,0,0.7010529041290283,1.9896508038043976
0,160,18,15,0,0.7010529041290283,1.9896508038043976
0,160,18,18,0,0.7010529041290283,1.9896508038043976
0,160,16,14,0,0.7010529041290283,1.9896508038043976
0,160,17,15,0,0.7010529041290283,1.9896508038043976
0,160,16,17,0,0.7010529041290283,1.9896508038043976
0,160,16,15,0,0.7010529041290283,1.9896508038043976
0,160,16,16,0,0.7010529041290283,1.9896508038043976
0,160,16,13,0,0.7010529041290283,1.9896508038043976
0,160,23,23,0,0.7010529041290283,1.9896508038043976
0,160,17,18,0,0.7010529041290283,1.9896508038043976
0,160,16,15,0,0.7010529041290283,1.9896508038043976
0,160,6,9,0,0.7010529041290283,1.9896508038043976
0,160,17,18,0,0.7010529041290283,1.9896508038043976
0,160,23,22,0,0.7010529041290283,1.9896508038043976
0,160,18,17,0,0.7010529041290283,1.9896508038043976
0,160,27,27,0,0.7010529041290283,1.9896508038043976
0,160,17,13,0,0.7010529041290283,1.9896508038043976
0,160,29,28,0,0.7010529041290283,1.9896508038043976
0,160,29,25,0,0.7010529041290283,1.9896508038043976
0,160,18,16,0,0.7010529041290283,1.9896508038043976
0,160,18,16,0,0.7010529041290283,1.9896508038043976
0,160,17,14,0,0.7010529041290283,1.9896508038043976
0,160,17,17,0,0.7010529041290283,1.9896508038043976
0,160,18,19,0,0.7010529041290283,1.9896508038043976
0,160,18,17,0,0.7010529041290283,1.9896508038043976
0,160,18,20,0,0.7010529041290283,1.9896508038043976
0,160,27,27,0,0.7010529041290283,1.9896508038043976
0,160,3,2,0,0.7010529041290283,1.9896508038043976
0,160,18,17,0,0.7010529041290283,1.9896508038043976
0,160,23,21,0,0.7010529041290283,1.9896508038043976
0,160,16,16,0,0.7010529041290283,1.9896508038043976
0,160,29,26,0,0.7010529041290283,1.9896508038043976
0,160,9,8,0,0.7010529041290283,1.9896508038043976
0,160,23,22,0,0.7010529041290283,1.9896508038043976
0,160,17,14,0,0.7010529041290283,1.9896508038043976
0,160,16,13,0,0.7010529041290283,1.9896508038043976
0,160,17,6,0,0.7010529041290283,1.9896508038043976
0,160,23,21,0,0.7010529041290283,1.9896508038043976
0,160,16,13,0,0.7010529041290283,1.9896508038043976
0,160,16,19,0,0.7010529041290283,1.9896508038043976
0,160,16,14,0,0.7010529041290283,1.9896508038043976
0,160,18,21,0,0.7010529041290283,1.9896508038043976
0,160,16,13,0,0.7010529041290283,1.9896508038043976
0,160,18,20,0,0.7010529041290283,1.9896508038043976
0,160,23,22,0,0.7010529041290283,1.9896508038043976
0,160,18,11,0,0.7010529041290283,1.9896508038043976
0,160,27,26,0,0.7010529041290283,1.9896508038043976
0,160,16,15,0,0.7010529041290283,1.9896508038043976
0,160,16,20,0,0.7010529041290283,1.9896508038043976
0,160,18,20,0,0.7010529041290283,1.9896508038043976
0,160,17,14,0,0.7010529041290283,1.9896508038043976
0,160,23,13,0,0.7010529041290283,1.9896508038043976
0,160,22,28,0,0.7010529041290283,1.9896508038043976
0,160,17,16,0,0.7010529041290283,1.9896508038043976
0,160,17,20,0,0.7010529041290283,1.9896508038043976
0,160,18,19,0,0.7010529041290283,1.9896508038043976
0,160,18,16,0,0.7010529041290283,1.9896508038043976
0,160,16,18,0,0.7010529041290283,1.9896508038043976
0,160,18,22,0,0.7010529041290283,1.9896508038043976
0,160,29,26,0,0.7010529041290283,1.9896508038043976
0,160,27,19,0,0.7010529041290283,1.9896508038043976
0,160,17,18,0,0.7010529041290283,1.9896508038043976
0,160,18,19,0,0.7010529041290283,1.9896508038043976
0,160,17,19,0,0.7010529041290283,1.9896508038043976
0,160,17,11,0,0.7010529041290283,1.9896508038043976
0,160,18,14,0,0.7010529041290283,1.9896508038043976
0,160,18,20,0,0.7010529041290283,1.9896508038043976
0,160,17,15,0,0.7010529041290283,1.9896508038043976
0,160,23,19,0,0.7010529041290283,1.9896508038043976
0,160,17,8,0,0.7010529041290283,1.9896508038043976
0,160,16,10,0,0.7010529041290283,1.9896508038043976
0,160,18,20,0,0.7010529041290283,1.9896508038043976
0,160,23,22,0,0.7010529041290283,1.9896508038043976
0,160,18,19,0,0.7010529041290283,1.9896508038043976
0,160,17,11,0,0.7010529041290283,1.9896508038043976
0,160,16,19,0,0.7010529041290283,1.9896508038043976
0,160,18,17,0,0.7010529041290283,1.9896508038043976
0,160,17,14,0,0.7010529041290283,1.9896508038043976
0,160,23,23,0,0.7010529041290283,1.9896508038043976
0,160,18,16,0,0.7010529041290283,1.9896508038043976
0,160,17,17,0,0.7010529041290283,1.9896508038043976
0,160,16,17,0,0.7010529041290283,1.9896508038043976
0,160,29,27,0,0.7010529041290283,1.9896508038043976
0,160,18,17,0,0.7010529041290283,1.9896508038043976
0,160,17,17,0,0.7010529041290283,1.9896508038043976
0,160,16,19,0,0.7010529041290283,1.9896508038043976
0,160,17,16,0,0.7010529041290283,1.9896508038043976
0,160,17,17,0,0.7010529041290283,1.9896508038043976
0,160,16,17,0,0.7010529041290283,1.9896508038043976
0,160,16,22,0,0.7010529041290283,1.9896508038043976
0,160,18,21,0,0.7010529041290283,1.9896508038043976
0,160,18,19,0,0.7010529041290283,1.9896508038043976
0,160,17,16,0,0.7010529041290283,1.9896508038043976
0,160,16,16,0,0.7010529041290283,1.9896508038043976
0,160,17,18,0,0.7010529041290283,1.9896508038043976
0,160,17,20,0,0.7010529041290283,1.9896508038043976
0,160,17,16,0,0.7010529041290283,1.9896508038043976
0,160,18,16,0,0.7010529041290283,1.9896508038043976
0,160,18,17,0,0.7010529041290283,1.9896508038043976
0,160,18,18,0,0.7010529041290283,1.9896508038043976
0,160,17,15,0,0.7010529041290283,1.9896508038043976
0,160,16,18,0,0.7010529041290283,1.9896508038043976
0,160,18,19,0,0.7010529041290283,1.9896508038043976
0,160,18,19,0,0.7010529041290283,1.9896508038043976
0,160,18,16,0,0.7010529041290283,1.9896508038043976
0,160,18,18,0,0.7010529041290283,1.9896508038043976
0,160,17,17,0,0.7010529041290283,1.9896508038043976
0,160,18,14,0,0.7010529041290283,1.9896508038043976
0,160,16,20,0,0.7010529041290283,1.9896508038043976
0,160,17,15,0,0.7010529041290283,1.9896508038043976
0,160,23,21,0,0.7010529041290283,1.9896508038043976
0,160,18,16,0,0.7010529041290283,1.9896508038043976
0,160,17,13,0,0.7010529041290283,1.9896508038043976
0,160,17,9,0,0.7010529041290283,1.9896508038043976
0,160,23,13,0,0.7010529041290283,1.9896508038043976
0,160,18,21,0,0.7010529041290283,1.9896508038043976
0,160,17,18,0,0.7010529041290283,1.9896508038043976
0,160,23,23,0,0.7010529041290283,1.9896508038043976
0,160,16,11,0,0.7010529041290283,1.9896508038043976
0,160,18,13,0,0.7010529041290283,1.9896508038043976
0,160,18,21,0,0.7010529041290283,1.9896508038043976
0,160,23,21,0,0.7010529041290283,1.9896508038043976
0,160,18,19,0,0.7010529041290283,1.9896508038043976
0,160,16,13,0,0.7010529041290283,1.9896508038043976
0,160,18,19,0,0.7010529041290283,1.9896508038043976
0,160,16,19,0,0.7010529041290283,1.9896508038043976
0,160,27,25,0,0.7010529041290283,1.9896508038043976
0,160,18,16,0,0.7010529041290283,1.9896508038043976
0,160,18,16,0,0.7010529041290283,1.9896508038043976
0,160,18,18,0,0.7010529041290283,1.9896508038043976
0,160,18,20,0,0.7010529041290283,1.9896508038043976
0,160,18,14,0,0.7010529041290283,1.9896508038043976
0,160,17,19,0,0.7010529041290283,1.9896508038043976
0,160,18,20,0,0.7010529041290283,1.9896508038043976
0,160,16,16,0,0.7010529041290283,1.9896508038043976
0,160,16,16,0,0.7010529041290283,1.9896508038043976
0,160,30,30,0,0.7010529041290283,1.9896508038043976
0,160,23,18,0,0.7010529041290283,1.9896508038043976
0,160,17,10,0,0.7010529041290283,1.9896508038043976
0,160,23,21,0,0.7010529041290283,1.9896508038043976
0,160,18,9,0,0.7010529041290283,1.9896508038043976
0,160,18,20,0,0.7010529041290283,1.9896508038043976
0,160,18,13,0,0.7010529041290283,1.9896508038043976
0,160,17,10,0,0.7010529041290283,1.9896508038043976
0,160,23,21,0,0.7010529041290283,1.9896508038043976
0,160,16,17,0,0.7010529041290283,1.9896508038043976
0,160,18,20,0,0.7010529041290283,1.9896508038043976
0,160,27,21,0,0.7010529041290283,1.9896508038043976
0,160,18,18,0,0.7010529041290283,1.9896508038043976
0,160,27,27,0,0.7010529041290283,1.9896508038043976
0,160,16,10,0,0.7010529041290283,1.9896508038043976
0,160,18,12,0,0.7010529041290283,1.9896508038043976
0,160,18,16,0,0.7010529041290283,1.9896508038043976
0,160,23,25,0,0.7010529041290283,1.9896508038043976
0,160,18,18,0,0.7010529041290283,1.9896508038043976
0,160,16,14,0,0.7010529041290283,1.9896508038043976
0,160,16,14,0,0.7010529041290283,1.9896508038043976
0,160,17,18,0,0.7010529041290283,1.9896508038043976
0,160,17,13,0,0.7010529041290283,1.9896508038043976
0,160,18,17,0,0.7010529041290283,1.9896508038043976
0,160,16,13,0,0.7010529041290283,1.9896508038043976
0,160,3,2,0,0.7010529041290283,1.9896508038043976
0,160,18,18,0,0.7010529041290283,1.9896508038043976
0,160,18,15,0,0.7010529041290283,1.9896508038043976
0,160,16,13,0,0.7010529041290283,1.9896508038043976
0,160,18,12,0,0.7010529041290283,1.9896508038043976
0,160,16,17,0,0.7010529041290283,1.9896508038043976
0,160,18,19,0,0.7010529041290283,1.9896508038043976
0,160,18,19,0,0.7010529041290283,1.9896508038043976
0,160,16,17,0,0.7010529041290283,1.9896508038043976
0,160,18,18,0,0.7010529041290283,1.9896508038043976
0,160,18,16,0,0.7010529041290283,1.9896508038043976
0,160,23,22,0,0.7010529041290283,1.9896508038043976
0,160,16,16,0,0.7010529041290283,1.9896508038043976
0,160,17,21,0,0.7010529041290283,1.9896508038043976
0,160,18,17,0,0.7010529041290283,1.9896508038043976
0,160,17,14,0,0.7010529041290283,1.9896508038043976
0,160,18,13,0,0.7010529041290283,1.9896508038043976
0,160,18,17,0,0.7010529041290283,1.9896508038043976
0,160,18,15,0,0.7010529041290283,1.9896508038043976
0,160,18,17,0,0.7010529041290283,1.9896508038043976
0,160,17,6,0,0.7010529041290283,1.9896508038043976
0,160,17,17,0,0.7010529041290283,1.9896508038043976
0,160,18,19,0,0.7010529041290283,1.9896508038043976
0,160,16,17,0,0.7010529041290283,1.9896508038043976
0,160,18,18,0,0.7010529041290283,1.9896508038043976
0,160,18,18,0,0.7010529041290283,1.9896508038043976
0,160,18,16,0,0.7010529041290283,1.9896508038043976
0,160,17,16,0,0.7010529041290283,1.9896508038043976
0,160,18,13,0,0.7010529041290283,1.9896508038043976
0,160,18,21,0,0.7010529041290283,1.9896508038043976
0,160,23,22,0,0.7010529041290283,1.9896508038043976
0,160,17,7,0,0.7010529041290283,1.9896508038043976
0,160,17,11,0,0.7010529041290283,1.9896508038043976
0,160,17,16,0,0.7010529041290283,1.9896508038043976
0,160,6,3,0,0.7010529041290283,1.9896508038043976
0,160,18,17,0,0.7010529041290283,1.9896508038043976
0,160,18,18,0,0.7010529041290283,1.9896508038043976
0,160,23,18,0,0.7010529041290283,1.9896508038043976
0,160,18,17,0,0.7010529041290283,1.9896508038043976
0,160,16,13,0,0.7010529041290283,1.9896508038043976
0,160,17,16,0,0.7010529041290283,1.9896508038043976
0,160,18,16,0,0.7010529041290283,1.9896508038043976
0,160,17,16,0,0.7010529041290283,1.9896508038043976
0,160,18,14,0,0.7010529041290283,1.9896508038043976
0,160,22,21,0,0.7010529041290283,1.9896508038043976
0,160,17,12,0,0.7010529041290283,1.9896508038043976
0,160,17,12,0,0.7010529041290283,1.9896508038043976
0,160,18,18,0,0.7010529041290283,1.9896508038043976
0,160,17,17,0,0.7010529041290283,1.9896508038043976
0,160,27,25,0,0.7010529041290283,1.9896508038043976
0,160,17,15,0,0.7010529041290283,1.9896508038043976
0,160,23,13,0,0.7010529041290283,1.9896508038043976
0,160,18,18,0,0.7010529041290283,1.9896508038043976
0,160,17,15,0,0.7010529041290283,1.9896508038043976
0,160,18,16,0,0.7010529041290283,1.9896508038043976
0,160,23,22,0,0.7010529041290283,1.9896508038043976
0,160,17,15,0,0.7010529041290283,1.9896508038043976
0,160,18,15,0,0.7010529041290283,1.9896508038043976
0,160,18,9,0,0.7010529041290283,1.9896508038043976
0,160,18,14,0,0.7010529041290283,1.9896508038043976
0,160,17,17,0,0.7010529041290283,1.9896508038043976
0,160,16,13,0,0.7010529041290283,1.9896508038043976
0,160,18,12,0,0.7010529041290283,1.9896508038043976
0,160,17,19,0,0.7010529041290283,1.9896508038043976
0,160,17,14,0,0.7010529041290283,1.9896508038043976
0,160,23,21,0,0.7010529041290283,1.9896508038043976
0,160,18,8,0,0.7010529041290283,1.9896508038043976
0,160,27,27,0,0.7010529041290283,1.9896508038043976
0,160,16,19,0,0.7010529041290283,1.9896508038043976
0,160,16,16,0,0.7010529041290283,1.9896508038043976
0,160,18,19,0,0.7010529041290283,1.9896508038043976
0,160,18,18,0,0.7010529041290283,1.9896508038043976
0,160,17,15,0,0.7010529041290283,1.9896508038043976
0,160,18,16,0,0.7010529041290283,1.9896508038043976
0,160,18,19,0,0.7010529041290283,1.9896508038043976
0,160,18,17,0,0.7010529041290283,1.9896508038043976
0,160,18,17,0,0.7010529041290283,1.9896508038043976
0,160,23,18,0,0.7010529041290283,1.9896508038043976
0,160,17,12,0,0.7010529041290283,1.9896508038043976
0,160,18,21,0,0.7010529041290283,1.9896508038043976
0,160,18,18,0,0.7010529041290283,1.9896508038043976
0,160,17,19,0,0.7010529041290283,1.9896508038043976
0,160,18,12,0,0.7010529041290283,1.9896508038043976
0,160,18,11,0,0.7010529041290283,1.9896508038043976
0,160,18,20,0,0.7010529041290283,1.9896508038043976
0,160,23,15,0,0.7010529041290283,1.9896508038043976
0,160,16,17,0,0.7010529041290283,1.9896508038043976
0,160,23,13,0,0.7010529041290283,1.9896508038043976
0,160,17,18,0,0.7010529041290283,1.9896508038043976
0,160,18,18,0,0.7010529041290283,1.9896508038043976
0,160,18,15,0,0.7010529041290283,1.9896508038043976
0,160,23,12,0,0.7010529041290283,1.9896508038043976
0,160,18,16,0,0.7010529041290283,1.9896508038043976
0,160,17,16,0,0.7010529041290283,1.9896508038043976
0,160,18,11,0,0.7010529041290283,1.9896508038043976
0,160,18,10,0,0.7010529041290283,1.9896508038043976
0,160,18,21,0,0.7010529041290283,1.9896508038043976
0,160,17,19,0,0.7010529041290283,1.9896508038043976
0,160,23,21,0,0.7010529041290283,1.9896508038043976
0,160,18,13,0,0.7010529041290283,1.9896508038043976
0,160,18,17,0,0.7010529041290283,1.9896508038043976
0,160,10,0,3,0.7010529041290283,1.9896508038043976
0,160,16,15,0,0.7010529041290283,1.9896508038043976
0,160,17,15,0,0.7010529041290283,1.9896508038043976
0,160,18,15,0,0.7010529041290283,1.9896508038043976
0,160,18,17,0,0.7010529041290283,1.9896508038043976
0,160,18,7,0,0.7010529041290283,1.9896508038043976
0,160,17,14,0,0.7010529041290283,1.9896508038043976
0,160,18,18,0,0.7010529041290283,1.9896508038043976
0,160,27,27,0,0.7010529041290283,1.9896508038043976
0,160,18,11,0,0.7010529041290283,1.9896508038043976
0,160,18,16,0,0.7010529041290283,1.9896508038043976
0,160,17,18,0,0.7010529041290283,1.9896508038043976
0,160,16,14,0,0.7010529041290283,1.9896508038043976
0,160,16,13,0,0.7010529041290283,1.9896508038043976
0,160,29,25,0,0.7010529041290283,1.9896508038043976
0,160,18,12,0,0.7010529041290283,1.9896508038043976
0,160,16,6,0,0.7010529041290283,1.9896508038043976
0,160,17,17,0,0.7010529041290283,1.9896508038043976
0,160,16,19,0,0.7010529041290283,1.9896508038043976
0,160,7,6,0,0.7010529041290283,1.9896508038043976
0,160,17,14,0,0.7010529041290283,1.9896508038043976
0,160,23,21,0,0.7010529041290283,1.9896508038043976
0,160,18,19,0,0.7010529041290283,1.9896508038043976
0,160,23,16,0,0.7010529041290283,1.9896508038043976
0,160,4,0,1,0.7010529041290283,1.9896508038043976
0,160,17,14,0,0.7010529041290283,1.9896508038043976
0,160,17,10,0,0.7010529041290283,1.9896508038043976
0,160,23,20,0,0.7010529041290283,1.9896508038043976
0,160,22,20,0,0.7010529041290283,1.9896508038043976
0,160,17,14,0,0.7010529041290283,1.9896508038043976
0,160,17,16,0,0.7010529041290283,1.9896508038043976
0,160,18,8,0,0.7010529041290283,1.9896508038043976
0,160,18,14,0,0.7010529041290283,1.9896508038043976
0,160,17,17,0,0.7010529041290283,1.9896508038043976
0,160,16,18,0,0.7010529041290283,1.9896508038043976
0,160,17,14,0,0.7010529041290283,1.9896508038043976
0,160,17,7,0,0.7010529041290283,1.9896508038043976
0,160,27,23,0,0.7010529041290283,1.9896508038043976
0,160,18,15,0,0.7010529041290283,1.9896508038043976
0,160,18,17,0,0.7010529041290283,1.9896508038043976
0,160,17,16,0,0.7010529041290283,1.9896508038043976
0,160,16,16,0,0.7010529041290283,1.9896508038043976
0,160,27,27,0,0.7010529041290283,1.9896508038043976
0,160,17,7,0,0.7010529041290283,1.9896508038043976
0,160,17,9,0,0.7010529041290283,1.9896508038043976
0,160,18,18,0,0.7010529041290283,1.9896508038043976
0,160,16,17,0,0.7010529041290283,1.9896508038043976
0,160,17,11,0,0.7010529041290283,1.9896508038043976
0,160,16,17,0,0.7010529041290283,1.9896508038043976
0,160,18,22,0,0.7010529041290283,1.9896508038043976
0,160,18,16,0,0.7010529041290283,1.9896508038043976
0,160,23,17,0,0.7010529041290283,1.9896508038043976
0,160,17,14,0,0.7010529041290283,1.9896508038043976
1,160,24,0,4,0.528073787689209,1.6586302936077117
0,160,20,20,0,0.528073787689209,1.6586302936077117
0,160,17,16,0,0.528073787689209,1.6586302936077117
0,160,17,17,0,0.528073787689209,1.6586302936077117
0,160,11,13,0,0.528073787689209,1.6586302936077117
0,160,20,10,0,0.528073787689209,1.6586302936077117
0,160,6,8,0,0.528073787689209,1.6586302936077117
0,160,11,13,0,0.528073787689209,1.6586302936077117
0,160,11,15,0,0.528073787689209,1.6586302936077117
0,160,13,13,0,0.528073787689209,1.6586302936077117
0,160,11,18,0,0.528073787689209,1.6586302936077117
0,160,20,18,0,0.528073787689209,1.6586302936077117
0,160,11,17,0,0.528073787689209,1.6586302936077117
0,160,11,17,0,0.528073787689209,1.6586302936077117
0,160,20,20,0,0.528073787689209,1.6586302936077117
0,160,11,18,0,0.528073787689209,1.6586302936077117
0,160,11,14,0,0.528073787689209,1.6586302936077117
0,160,18,20,0,0.528073787689209,1.6586302936077117
0,160,20,18,0,0.528073787689209,1.6586302936077117
0,160,17,15,0,0.528073787689209,1.6586302936077117
0,160,11,15,0,0.528073787689209,1.6586302936077117
0,160,17,10,0,0.528073787689209,1.6586302936077117
0,160,11,7,0,0.528073787689209,1.6586302936077117
0,160,11,15,0,0.528073787689209,1.6586302936077117
0,160,11,15,0,0.528073787689209,1.6586302936077117
0,160,11,16,0,0.528073787689209,1.6586302936077117
0,160,17,20,0,0.528073787689209,1.6586302936077117
0,160,17,16,0,0.528073787689209,1.6586302936077117
0,160,11,15,0,0.528073787689209,1.6586302936077117
0,160,20,18,0,0.528073787689209,1.6586302936077117
0,160,11,16,0,0.528073787689209,1.6586302936077117
0,160,13,0,2,0.528073787689209,1.6586302936077117
0,160,11,19,0,0.528073787689209,1.6586302936077117
0,160,17,20,0,0.528073787689209,1.6586302936077117
0,160,11,11,0,0.528073787689209,1.6586302936077117
0,160,11,14,0,0.528073787689209,1.6586302936077117
0,160,18,19,0,0.528073787689209,1.6586302936077117
0,160,17,20,0,0.528073787689209,1.6586302936077117
0,160,17,19,0,0.528073787689209,1.6586302936077117
0,160,17,21,0,0.528073787689209,1.6586302936077117
0,160,6,6,0,0.528073787689209,1.6586302936077117
0,160,11,10,0,0.528073787689209,1.6586302936077117
0,160,11,12,0,0.528073787689209,1.6586302936077117
0,160,18,19,0,0.528073787689209,1.6586302936077117
0,160,11,14,0,0.528073787689209,1.6586302936077117
0,160,20,20,0,0.528073787689209,1.6586302936077117
0,160,17,16,0,0.528073787689209,1.6586302936077117
0,160,11,16,0,0.528073787689209,1.6586302936077117
0,160,17,20,0,0.528073787689209,1.6586302936077117
0,160,11,16,0,0.528073787689209,1.6586302936077117
0,160,26,25,0,0.528073787689209,1.6586302936077117
0,160,17,20,0,0.528073787689209,1.6586302936077117
0,160,17,18,0,0.528073787689209,1.6586302936077117
0,160,11,14,0,0.528073787689209,1.6586302936077117
0,160,17,15,0,0.528073787689209,1.6586302936077117
0,160,21,21,0,0.528073787689209,1.6586302936077117
0,160,17,19,0,0.528073787689209,1.6586302936077117
0,160,18,22,0,0.528073787689209,1.6586302936077117
0,160,11,16,0,0.528073787689209,1.6586302936077117
0,160,17,20,0,0.528073787689209,1.6586302936077117
0,160,11,10,0,0.528073787689209,1.6586302936077117
0,160,18,21,0,0.528073787689209,1.6586302936077117
0,160,17,21,0,0.528073787689209,1.6586302936077117
0,160,11,18,0,0.528073787689209,1.6586302936077117
0,160,11,14,0,0.528073787689209,1.6586302936077117
0,160,11,8,0,0.528073787689209,1.6586302936077117
0,160,17,18,0,0.528073787689209,1.6586302936077117
0,160,20,19,0,0.528073787689209,1.6586302936077117
0,160,11,19,0,0.528073787689209,1.6586302936077117
0,160,17,21,0,0.528073787689209,1.6586302936077117
0,160,17,19,0,0.528073787689209,1.6586302936077117
0,160,18,17,0,0.528073787689209,1.6586302936077117
0,160,11,8,0,0.528073787689209,1.6586302936077117
0,160,21,19,0,0.528073787689209,1.6586302936077117
0,160,20,16,0,0.528073787689209,1.6586302936077117
0,160,20,19,0,0.528073787689209,1.6586302936077117
0,160,11,14,0,0.528073787689209,1.6586302936077117
0,160,11,14,0,0.528073787689209,1.6586302936077117
0,160,17,17,0,0.528073787689209,1.6586302936077117
0,160,11,17,0,0.528073787689209,1.6586302936077117
0,160,11,17,0,0.528073787689209,1.6586302936077117
0,160,11,5,0,0.528073787689209,1.6586302936077117
0,160,11,18,0,0.528073787689209,1.6586302936077117
0,160,18,18,0,0.528073787689209,1.6586302936077117
0,160,17,21,0,0.528073787689209,1.6586302936077117
0,160,11,13,0,0.528073787689209,1.6586302936077117
0,160,11,15,0,0.528073787689209,1.6586302936077117
0,160,17,17,0,0.528073787689209,1.6586302936077117
0,160,11,14,0,0.528073787689209,1.6586302936077117
0,160,11,17,0,0.528073787689209,1.6586302936077117
0,160,11,14,0,0.528073787689209,1.6586302936077117
0,160,18,16,0,0.528073787689209,1.6586302936077117
0,160,20,15,0,0.528073787689209,1.6586302936077117
0,160,18,22,0,0.528073787689209,1.6586302936077117
0,160,17,18,0,0.528073787689209,1.6586302936077117
0,160,11,16,0,0.528073787689209,1.6586302936077117
0,160,11,16,0,0.528073787689209,1.6586302936077117
0,160,18,23,0,0.528073787689209,1.6586302936077117
0,160,11,12,0,0.528073787689209,1.6586302936077117
0,160,17,14,0,0.528073787689209,1.6586302936077117
0,160,11,6,0,0.528073787689209,1.6586302936077117
0,160,11,10,0,0.528073787689209,1.6586302936077117
0,160,11,14,0,0.528073787689209,1.6586302936077117
0,160,17,15,0,0.528073787689209,1.6586302936077117
0,160,18,21,0,0.528073787689209,1.6586302936077117
0,160,11,10,0,0.528073787689209,1.6586302936077117
0,160,11,17,0,0.528073787689209,1.6586302936077117
0,160,17,9,0,0.528073787689209,1.6586302936077117
0,160,20,18,0,0.528073787689209,1.6586302936077117
0,160,17,19,0,0.528073787689209,1.6586302936077117
0,160,11,12,0,0.528073787689209,1.6586302936077117
0,160,11,10,0,0.528073787689209,1.6586302936077117
0,160,11,14,0,0.528073787689209,1.6586302936077117
0,160,17,18,0,0.528073787689209,1.6586302936077117
0,160,11,15,0,0.528073787689209,1.6586302936077117
0,160,21,11,0,0.528073787689209,1.6586302936077117
0,160,11,13,0,0.528073787689209,1.6586302936077117
0,160,11,18,0,0.528073787689209,1.6586302936077117
0,160,17,20,0,0.528073787689209,1.6586302936077117
0,160,20,15,0,0.528073787689209,1.6586302936077117
0,160,20,20,0,0.528073787689209,1.6586302936077117
0,160,22,20,0,0.528073787689209,1.6586302936077117
0,160,11,17,0,0.528073787689209,1.6586302936077117
0,160,20,20,0,0.528073787689209,1.6586302936077117
0,160,17,17,0,0.528073787689209,1.6586302936077117
0,160,20,19,0,0.528073787689209,1.6586302936077117
0,160,5,4,0,0.528073787689209,1.6586302936077117
0,160,17,16,0,0.528073787689209,1.6586302936077117
0,160,18,21,0,0.528073787689209,1.6586302936077117
0,160,11,16,0,0.528073787689209,1.6586302936077117
0,160,18,12,0,0.528073787689209,1.6586302936077117
0,160,6,5,0,0.528073787689209,1.6586302936077117
0,160,17,14,0,0.528073787689209,1.6586302936077117
0,160,17,16,0,0.528073787689209,1.6586302936077117
0,160,18,19,0,0.528073787689209,1.6586302936077117
0,160,26,27,0,0.528073787689209,1.6586302936077117
0,160,17,18,0,0.528073787689209,1.6586302936077117
0,160,17,19,0,0.528073787689209,1.6586302936077117
0,160,11,11,0,0.528073787689209,1.6586302936077117
0,160,11,17,0,0.528073787689209,1.6586302936077117
0,160,17,12,0,0.528073787689209,1.6586302936077117
0,160,20,16,0,0.528073787689209,1.6586302936077117
0,160,17,15,0,0.528073787689209,1.6586302936077117
0,160,17,21,0,0.528073787689209,1.6586302936077117
0,160,21,17,0,0.528073787689209,1.6586302936077117
0,160,11,16,0,0.528073787689209,1.6586302936077117
0,160,11,17,0,0.528073787689209,1.6586302936077117
0,160,17,17,0,0.528073787689209,1.6586302936077117
0,160,20,18,0,0.528073787689209,1.6586302936077117
0,160,21,19,0,0.528073787689209,1.6586302936077117
0,160,17,16,0,0.528073787689209,1.6586302936077117
0,160,17,15,0,0.528073787689209,1.6586302936077117
0,160,11,18,0,0.528073787689209,1.6586302936077117
0,160,20,19,0,0.528073787689209,1.6586302936077117
0,160,17,19,0,0.528073787689209,1.6586302936077117
0,160,20,20,0,0.528073787689209,1.6586302936077117
0,160,11,19,0,0.528073787689209,1.6586302936077117
0,160,11,15,0,0.528073787689209,1.6586302936077117
0,160,18,20,0,0.528073787689209,1.6586302936077117
0,160,17,17,0,0.528073787689209,1.6586302936077117
0,160,11,16,0,0.528073787689209,1.6586302936077117
0,160,20,15,0,0.528073787689209,1.6586302936077117
0,160,20,9,0,0.528073787689209,1.6586302936077117
0,160,17,8,0,0.528073787689209,1.6586302936077117
0,160,18,14,0,0.528073787689209,1.6586302936077117
0,160,21,20,0,0.528073787689209,1.6586302936077117
0,160,21,20,0,0.528073787689209,1.6586302936077117
0,160,17,20,0,0.528073787689209,1.6586302936077117
0,160,20,17,0,0.528073787689209,1.6586302936077117
0,160,11,16,0,0.528073787689209,1.6586302936077117
0,160,17,15,0,0.528073787689209,1.6586302936077117
0,160,17,20,0,0.528073787689209,1.6586302936077117
0,160,29,29,0,0.528073787689209,1.6586302936077117
0,160,11,16,0,0.528073787689209,1.6586302936077117
0,160,11,16,0,0.528073787689209,1.6586302936077117
0,160,18,21,0,0.528073787689209,1.6586302936077117
0,160,11,14,0,0.528073787689209,1.6586302936077117
0,160,11,15,0,0.528073787689209,1.6586302936077117
0,160,11,10,0,0.528073787689209,1.6586302936077117
0,160,21,22,0,0.528073787689209,1.6586302936077117
0,160,11,14,0,0.528073787689209,1.6586302936077117
0,160,20,18,0,0.528073787689209,1.6586302936077117
0,160,11,10,0,0.528073787689209,1.6586302936077117
0,160,21,19,0,0.528073787689209,1.6586302936077117
0,160,21,21,0,0.528073787689209,1.6586302936077117
0,160,6,5,0,0.528073787689209,1.6586302936077117
0,160,18,21,0,0.528073787689209,1.6586302936077117
0,160,17,20,0,0.528073787689209,1.6586302936077117
0,160,17,17,0,0.528073787689209,1.6586302936077117
0,160,11,16,0,0.528073787689209,1.6586302936077117
0,160,17,20,0,0.528073787689209,1.6586302936077117
0,160,18,19,0,0.528073787689209,1.6586302936077117
0,160,20,18,0,0.528073787689209,1.6586302936077117
0,160,17,18,0,0.528073787689209,1.6586302936077117
0,160,17,8,0,0.528073787689209,1.6586302936077117
0,160,17,11,0,0.528073787689209,1.6586302936077117
0,160,17,20,0,0.528073787689209,1.6586302936077117
0,160,11,16,0,0.528073787689209,1.6586302936077117
0,160,17,18,0,0.528073787689209,1.6586302936077117
0,160,20,17,0,0.528073787689209,1.6586302936077117
0,160,21,19,0,0.528073787689209,1.6586302936077117
0,160,17,17,0,0.528073787689209,1.6586302936077117
0,160,26,25,0,0.528073787689209,1.6586302936077117
0,160,17,20,0,0.528073787689209,1.6586302936077117
0,160,17,20,0,0.528073787689209,1.6586302936077117
0,160,18,22,0,0.528073787689209,1.6586302936077117
0,160,17,20,0,0.528073787689209,1.6586302936077117
0,160,6,8,0,0.528073787689209,1.6586302936077117
0,160,20,8,0,0.528073787689209,1.6586302936077117
0,160,17,11,0,0.528073787689209,1.6586302936077117
0,160,18,17,0,0.528073787689209,1.6586302936077117
0,160,17,20,0,0.528073787689209,1.6586302936077117
0,160,11,18,0,0.528073787689209,1.6586302936077117
0,160,11,14,0,0.528073787689209,1.6586302936077117
0,160,17,13,0,0.528073787689209,1.6586302936077117
0,160,17,21,0,0.528073787689209,1.6586302936077117
0,160,11,18,0,0.528073787689209,1.6586302936077117
0,160,1,0,1,0.528073787689209,1.6586302936077117
0,160,11,17,0,0.528073787689209,1.6586302936077117
0,160,11,17,0,0.528073787689209,1.6586302936077117
0,160,17,15,0,0.528073787689209,1.6586302936077117
0,160,20,12,0,0.528073787689209,1.6586302936077117
0,160,17,15,0,0.528073787689209,1.6586302936077117
0,160,4,2,0,0.528073787689209,1.6586302936077117
0,160,11,16,0,0.528073787689209,1.6586302936077117
0,160,17,16,0,0.528073787689209,1.6586302936077117
0,160,17,22,0,0.528073787689209,1.6586302936077117
0,160,11,15,0,0.528073787689209,1.6586302936077117
0,160,5,5,0,0.528073787689209,1.6586302936077117
0,160,11,14,0,0.528073787689209,1.6586302936077117
0,160,17,17,0,0.528073787689209,1.6586302936077117
0,160,11,16,0,0.528073787689209,1.6586302936077117
0,160,11,16,0,0.528073787689209,1.6586302936077117
0,160,17,14,0,0.528073787689209,1.6586302936077117
0,160,13,10,0,0.528073787689209,1.6586302936077117
0,160,17,20,0,0.528073787689209,1.6586302936077117
0,160,11,15,0,0.528073787689209,1.6586302936077117
0,160,11,12,0,0.528073787689209,1.6586302936077117
0,160,17,19,0,0.528073787689209,1.6586302936077117
0,160,11,11,0,0.528073787689209,1.6586302936077117
0,160,17,16,0,0.528073787689209,1.6586302936077117
0,160,22,17,0,0.528073787689209,1.6586302936077117
0,160,20,19,0,0.528073787689209,1.6586302936077117
0,160,20,19,0,0.528073787689209,1.6586302936077117
0,160,18,21,0,0.528073787689209,1.6586302936077117
0,160,26,25,0,0.528073787689209,1.6586302936077117
0,160,11,17,0,0.528073787689209,1.6586302936077117
0,160,17,19,0,0.528073787689209,1.6586302936077117
0,160,11,14,0,0.528073787689209,1.6586302936077117
0,160,17,21,0,0.528073787689209,1.6586302936077117
0,160,17,14,0,0.528073787689209,1.6586302936077117
0,160,17,19,0,0.528073787689209,1.6586302936077117
0,160,11,12,0,0.528073787689209,1.6586302936077117
0,160,18,17,0,0.528073787689209,1.6586302936077117
0,160,13,10,0,0.528073787689209,1.6586302936077117
0,160,17,17,0,0.528073787689209,1.6586302936077117
0,160,18,19,0,0.528073787689209,1.6586302936077117
0,160,6,4,0,0.528073787689209,1.6586302936077117
0,160,20,17,0,0.528073787689209,1.6586302936077117
0,160,11,15,0,0.528073787689209,1.6586302936077117
0,160,11,4,0,0.528073787689209,1.6586302936077117
0,160,17,18,0,0.528073787689209,1.6586302936077117
0,160,11,15,0,0.528073787689209,1.6586302936077117
0,160,17,18,0,0.528073787689209,1.6586302936077117
0,160,18,22,0,0.528073787689209,1.6586302936077117
0,160,11,17,0,0.528073787689209,1.6586302936077117
0,160,21,19,0,0.528073787689209,1.6586302936077117
0,160,11,15,0,0.528073787689209,1.6586302936077117
0,160,17,18,0,0.528073787689209,1.6586302936077117
0,160,11,15,0,0.528073787689209,1.6586302936077117
0,160,20,14,0,0.528073787689209,1.6586302936077117
0,160,17,17,0,0.528073787689209,1.6586302936077117
0,160,17,18,0,0.528073787689209,1.6586302936077117
0,160,18,20,0,0.528073787689209,1.6586302936077117
0,160,18,18,0,0.528073787689209,1.6586302936077117
0,160,18,16,0,0.528073787689209,1.6586302936077117
0,160,20,18,0,0.528073787689209,1.6586302936077117
0,160,11,13,0,0.528073787689209,1.6586302936077117
0,160,21,21,0,0.528073787689209,1.6586302936077117
0,160,17,16,0,0.528073787689209,1.6586302936077117
0,160,21,20,0,0.528073787689209,1.6586302936077117
0,160,11,15,0,0.528073787689209,1.6586302936077117
0,160,17,16,0,0.528073787689209,1.6586302936077117
0,160,11,17,0,0.528073787689209,1.6586302936077117
0,160,11,15,0,0.528073787689209,1.6586302936077117
0,160,11,14,0,0.528073787689209,1.6586302936077117
0,160,11,18,0,0.528073787689209,1.6586302936077117
0,160,18,19,0,0.528073787689209,1.6586302936077117
0,160,17,18,0,0.528073787689209,1.6586302936077117
0,160,21,18,0,0.528073787689209,1.6586302936077117
0,160,18,21,0,0.528073787689209,1.6586302936077117
0,160,11,13,0,0.528073787689209,1.6586302936077117
0,160,11,11,0,0.528073787689209,1.6586302936077117
0,160,11,7,0,0.528073787689209,1.6586302936077117
0,160,17,18,0,0.528073787689209,1.6586302936077117
0,160,5,3,0,0.528073787689209,1.6586302936077117
0,160,17,18,0,0.528073787689209,1.6586302936077117
0,160,11,5,0,0.528073787689209,1.6586302936077117
0,160,18,19,0,0.528073787689209,1.6586302936077117
0,160,6,2,0,0.528073787689209,1.6586302936077117
0,160,11,7,0,0.528073787689209,1.6586302936077117
0,160,17,12,0,0.528073787689209,1.6586302936077117
0,160,17,19,0,0.528073787689209,1.6586302936077117
0,160,11,16,0,0.528073787689209,1.6586302936077117
0,160,11,12,0,0.528073787689209,1.6586302936077117
0,160,17,18,0,0.528073787689209,1.6586302936077117
0,160,17,17,0,0.528073787689209,1.6586302936077117
0,160,18,19,0,0.528073787689209,1.6586302936077117
0,160,17,13,0,0.528073787689209,1.6586302936077117
0,160,6,10,0,0.528073787689209,1.6586302936077117
0,160,26,19,0,0.528073787689209,1.6586302936077117
0,160,17,16,0,0.528073787689209,1.6586302936077117
0,160,18,14,0,0.528073787689209,1.6586302936077117
0,160,17,20,0,0.528073787689209,1.6586302936077117
0,160,11,11,0,0.528073787689209,1.6586302936077117
0,160,11,7,0,0.528073787689209,1.6586302936077117
0,160,11,14,0,0.528073787689209,1.6586302936077117
0,160,20,18,0,0.528073787689209,1.6586302936077117
Total attack time: 589.5264859199524
1,140,9,0,4,0.6566743850708008,1.9095787474087307
0,140,18,20,0,0.6566743850708008,1.9095787474087307
0,140,26,25,0,0.6566743850708008,1.9095787474087307
0,140,5,15,0,0.6566743850708008,1.9095787474087307
0,140,26,26,0,0.6566743850708008,1.9095787474087307
0,140,2,12,0,0.6566743850708008,1.9095787474087307
0,140,2,8,0,0.6566743850708008,1.9095787474087307
0,140,22,15,0,0.6566743850708008,1.9095787474087307
0,140,5,12,0,0.6566743850708008,1.9095787474087307
0,140,22,15,0,0.6566743850708008,1.9095787474087307
0,140,22,14,0,0.6566743850708008,1.9095787474087307
0,140,22,20,0,0.6566743850708008,1.9095787474087307
0,140,22,16,0,0.6566743850708008,1.9095787474087307
0,140,23,21,0,0.6566743850708008,1.9095787474087307
0,140,5,15,0,0.6566743850708008,1.9095787474087307
0,140,22,17,0,0.6566743850708008,1.9095787474087307
0,140,0,2,0,0.6566743850708008,1.9095787474087307
0,140,5,16,0,0.6566743850708008,1.9095787474087307
0,140,23,20,0,0.6566743850708008,1.9095787474087307
0,140,2,13,0,0.6566743850708008,1.9095787474087307
0,140,18,22,0,0.6566743850708008,1.9095787474087307
0,140,5,6,0,0.6566743850708008,1.9095787474087307
0,140,22,26,0,0.6566743850708008,1.9095787474087307
0,140,22,23,0,0.6566743850708008,1.9095787474087307
0,140,2,16,0,0.6566743850708008,1.9095787474087307
0,140,2,16,0,0.6566743850708008,1.9095787474087307
0,140,6,0,1,0.6566743850708008,1.9095787474087307
0,140,5,17,0,0.6566743850708008,1.9095787474087307
0,140,2,15,0,0.6566743850708008,1.9095787474087307
0,140,2,11,0,0.6566743850708008,1.9095787474087307
0,140,2,10,0,0.6566743850708008,1.9095787474087307
0,140,18,17,0,0.6566743850708008,1.9095787474087307
0,140,4,1,0,0.6566743850708008,1.9095787474087307
0,140,2,13,0,0.6566743850708008,1.9095787474087307
0,140,23,23,0,0.6566743850708008,1.9095787474087307
0,140,22,8,0,0.6566743850708008,1.9095787474087307
0,140,22,20,0,0.6566743850708008,1.9095787474087307
0,140,4,8,0,0.6566743850708008,1.9095787474087307
0,140,23,21,0,0.6566743850708008,1.9095787474087307
0,140,5,10,0,0.6566743850708008,1.9095787474087307
0,140,22,18,0,0.6566743850708008,1.9095787474087307
0,140,5,5,0,0.6566743850708008,1.9095787474087307
0,140,23,14,0,0.6566743850708008,1.9095787474087307
0,140,22,13,0,0.6566743850708008,1.9095787474087307
0,140,22,20,0,0.6566743850708008,1.9095787474087307
0,140,22,13,0,0.6566743850708008,1.9095787474087307
0,140,2,10,0,0.6566743850708008,1.9095787474087307
0,140,22,8,0,0.6566743850708008,1.9095787474087307
0,140,2,7,0,0.6566743850708008,1.9095787474087307
0,140,23,22,0,0.6566743850708008,1.9095787474087307
0,140,2,3,0,0.6566743850708008,1.9095787474087307
0,140,18,22,0,0.6566743850708008,1.9095787474087307
0,140,22,18,0,0.6566743850708008,1.9095787474087307
0,140,22,21,0,0.6566743850708008,1.9095787474087307
0,140,2,13,0,0.6566743850708008,1.9095787474087307
0,140,5,15,0,0.6566743850708008,1.9095787474087307
0,140,23,10,0,0.6566743850708008,1.9095787474087307
0,140,26,24,0,0.6566743850708008,1.9095787474087307
0,140,5,12,0,0.6566743850708008,1.9095787474087307
0,140,5,11,0,0.6566743850708008,1.9095787474087307
0,140,2,6,0,0.6566743850708008,1.9095787474087307
0,140,2,17,0,0.6566743850708008,1.9095787474087307
0,140,22,16,0,0.6566743850708008,1.9095787474087307
0,140,2,13,0,0.6566743850708008,1.9095787474087307
0,140,22,20,0,0.6566743850708008,1.9095787474087307
0,140,18,12,0,0.6566743850708008,1.9095787474087307
0,140,5,4,0,0.6566743850708008,1.9095787474087307
0,140,2,12,0,0.6566743850708008,1.9095787474087307
0,140,5,11,0,0.6566743850708008,1.9095787474087307
0,140,5,9,0,0.6566743850708008,1.9095787474087307
0,140,2,6,0,0.6566743850708008,1.9095787474087307
0,140,2,9,0,0.6566743850708008,1.9095787474087307
0,140,5,12,0,0.6566743850708008,1.9095787474087307
0,140,23,22,0,0.6566743850708008,1.9095787474087307
0,140,5,18,0,0.6566743850708008,1.9095787474087307
0,140,22,19,0,0.6566743850708008,1.9095787474087307
0,140,2,15,0,0.6566743850708008,1.9095787474087307
0,140,23,22,0,0.6566743850708008,1.9095787474087307
0,140,2,14,0,0.6566743850708008,1.9095787474087307
0,140,5,9,0,0.6566743850708008,1.9095787474087307
0,140,22,17,0,0.6566743850708008,1.9095787474087307
0,140,2,17,0,0.6566743850708008,1.9095787474087307
0,140,5,4,0,0.6566743850708008,1.9095787474087307
0,140,23,21,0,0.6566743850708008,1.9095787474087307
0,140,2,9,0,0.6566743850708008,1.9095787474087307
0,140,5,17,0,0.6566743850708008,1.9095787474087307
0,140,22,19,0,0.6566743850708008,1.9095787474087307
0,140,22,21,0,0.6566743850708008,1.9095787474087307
0,140,2,15,0,0.6566743850708008,1.9095787474087307
0,140,5,12,0,0.6566743850708008,1.9095787474087307
0,140,22,21,0,0.6566743850708008,1.9095787474087307
0,140,5,16,0,0.6566743850708008,1.9095787474087307
0,140,5,14,0,0.6566743850708008,1.9095787474087307
0,140,22,20,0,0.6566743850708008,1.9095787474087307
0,140,22,21,0,0.6566743850708008,1.9095787474087307
0,140,2,16,0,0.6566743850708008,1.9095787474087307
0,140,2,14,0,0.6566743850708008,1.9095787474087307
0,140,5,9,0,0.6566743850708008,1.9095787474087307
0,140,22,18,0,0.6566743850708008,1.9095787474087307
0,140,5,10,0,0.6566743850708008,1.9095787474087307
0,140,5,18,0,0.6566743850708008,1.9095787474087307
0,140,5,12,0,0.6566743850708008,1.9095787474087307
0,140,2,14,0,0.6566743850708008,1.9095787474087307
0,140,2,17,0,0.6566743850708008,1.9095787474087307
0,140,2,14,0,0.6566743850708008,1.9095787474087307
0,140,5,16,0,0.6566743850708008,1.9095787474087307
0,140,22,20,0,0.6566743850708008,1.9095787474087307
0,140,2,14,0,0.6566743850708008,1.9095787474087307
0,140,2,5,0,0.6566743850708008,1.9095787474087307
0,140,2,12,0,0.6566743850708008,1.9095787474087307
0,140,2,4,0,0.6566743850708008,1.9095787474087307
0,140,5,15,0,0.6566743850708008,1.9095787474087307
0,140,2,4,0,0.6566743850708008,1.9095787474087307
0,140,22,18,0,0.6566743850708008,1.9095787474087307
0,140,5,15,0,0.6566743850708008,1.9095787474087307
0,140,23,15,0,0.6566743850708008,1.9095787474087307
0,140,2,17,0,0.6566743850708008,1.9095787474087307
0,140,5,9,0,0.6566743850708008,1.9095787474087307
0,140,5,8,0,0.6566743850708008,1.9095787474087307
0,140,23,15,0,0.6566743850708008,1.9095787474087307
0,140,2,12,0,0.6566743850708008,1.9095787474087307
0,140,5,10,0,0.6566743850708008,1.9095787474087307
0,140,23,15,0,0.6566743850708008,1.9095787474087307
0,140,22,19,0,0.6566743850708008,1.9095787474087307
0,140,2,7,0,0.6566743850708008,1.9095787474087307
0,140,2,13,0,0.6566743850708008,1.9095787474087307
0,140,23,22,0,0.6566743850708008,1.9095787474087307
0,140,2,15,0,0.6566743850708008,1.9095787474087307
0,140,22,17,0,0.6566743850708008,1.9095787474087307
0,140,2,14,0,0.6566743850708008,1.9095787474087307
0,140,22,22,0,0.6566743850708008,1.9095787474087307
0,140,18,17,0,0.6566743850708008,1.9095787474087307
0,140,2,13,0,0.6566743850708008,1.9095787474087307
0,140,2,13,0,0.6566743850708008,1.9095787474087307
0,140,2,12,0,0.6566743850708008,1.9095787474087307
0,140,2,12,0,0.6566743850708008,1.9095787474087307
0,140,2,7,0,0.6566743850708008,1.9095787474087307
0,140,5,20,0,0.6566743850708008,1.9095787474087307
0,140,2,9,0,0.6566743850708008,1.9095787474087307
0,140,22,19,0,0.6566743850708008,1.9095787474087307
0,140,22,13,0,0.6566743850708008,1.9095787474087307
0,140,28,30,0,0.6566743850708008,1.9095787474087307
0,140,23,21,0,0.6566743850708008,1.9095787474087307
0,140,5,9,0,0.6566743850708008,1.9095787474087307
0,140,23,20,0,0.6566743850708008,1.9095787474087307
0,140,2,2,0,0.6566743850708008,1.9095787474087307
0,140,2,14,0,0.6566743850708008,1.9095787474087307
0,140,2,8,0,0.6566743850708008,1.9095787474087307
0,140,5,13,0,0.6566743850708008,1.9095787474087307
0,140,23,20,0,0.6566743850708008,1.9095787474087307
0,140,22,17,0,0.6566743850708008,1.9095787474087307
0,140,2,12,0,0.6566743850708008,1.9095787474087307
0,140,18,18,0,0.6566743850708008,1.9095787474087307
0,140,2,16,0,0.6566743850708008,1.9095787474087307
0,140,18,21,0,0.6566743850708008,1.9095787474087307
0,140,22,11,0,0.6566743850708008,1.9095787474087307
0,140,2,11,0,0.6566743850708008,1.9095787474087307
0,140,2,10,0,0.6566743850708008,1.9095787474087307
0,140,23,25,0,0.6566743850708008,1.9095787474087307
0,140,2,13,0,0.6566743850708008,1.9095787474087307
0,140,22,19,0,0.6566743850708008,1.9095787474087307
0,140,22,17,0,0.6566743850708008,1.9095787474087307
0,140,5,15,0,0.6566743850708008,1.9095787474087307
0,140,5,11,0,0.6566743850708008,1.9095787474087307
0,140,2,15,0,0.6566743850708008,1.9095787474087307
0,140,22,14,0,0.6566743850708008,1.9095787474087307
0,140,4,4,0,0.6566743850708008,1.9095787474087307
0,140,2,15,0,0.6566743850708008,1.9095787474087307
0,140,2,13,0,0.6566743850708008,1.9095787474087307
0,140,22,10,0,0.6566743850708008,1.9095787474087307
0,140,2,17,0,0.6566743850708008,1.9095787474087307
0,140,22,21,0,0.6566743850708008,1.9095787474087307
0,140,2,14,0,0.6566743850708008,1.9095787474087307
0,140,2,16,0,0.6566743850708008,1.9095787474087307
0,140,22,20,0,0.6566743850708008,1.9095787474087307
0,140,2,15,0,0.6566743850708008,1.9095787474087307
0,140,2,13,0,0.6566743850708008,1.9095787474087307
0,140,23,22,0,0.6566743850708008,1.9095787474087307
0,140,22,19,0,0.6566743850708008,1.9095787474087307
0,140,5,17,0,0.6566743850708008,1.9095787474087307
0,140,2,12,0,0.6566743850708008,1.9095787474087307
0,140,5,15,0,0.6566743850708008,1.9095787474087307
0,140,2,11,0,0.6566743850708008,1.9095787474087307
0,140,2,8,0,0.6566743850708008,1.9095787474087307
0,140,2,14,0,0.6566743850708008,1.9095787474087307
0,140,2,11,0,0.6566743850708008,1.9095787474087307
0,140,5,2,0,0.6566743850708008,1.9095787474087307
0,140,5,19,0,0.6566743850708008,1.9095787474087307
0,140,2,11,0,0.6566743850708008,1.9095787474087307
0,140,22,19,0,0.6566743850708008,1.9095787474087307
0,140,2,15,0,0.6566743850708008,1.9095787474087307
0,140,2,15,0,0.6566743850708008,1.9095787474087307
0,140,2,17,0,0.6566743850708008,1.9095787474087307
0,140,5,15,0,0.6566743850708008,1.9095787474087307
0,140,2,5,0,0.6566743850708008,1.9095787474087307
0,140,2,15,0,0.6566743850708008,1.9095787474087307
0,140,23,24,0,0.6566743850708008,1.9095787474087307
0,140,5,17,0,0.6566743850708008,1.9095787474087307
0,140,5,18,0,0.6566743850708008,1.9095787474087307
0,140,5,18,0,0.6566743850708008,1.9095787474087307
0,140,0,2,0,0.6566743850708008,1.9095787474087307
0,140,2,17,0,0.6566743850708008,1.9095787474087307
0,140,2,9,0,0.6566743850708008,1.9095787474087307
0,140,23,26,0,0.6566743850708008,1.9095787474087307
0,140,2,16,0,0.6566743850708008,1.9095787474087307
0,140,22,20,0,0.6566743850708008,1.9095787474087307
0,140,5,14,0,0.6566743850708008,1.9095787474087307
0,140,2,13,0,0.6566743850708008,1.9095787474087307
0,140,5,12,0,0.6566743850708008,1.9095787474087307
0,140,2,13,0,0.6566743850708008,1.9095787474087307
0,140,26,25,0,0.6566743850708008,1.9095787474087307
0,140,5,14,0,0.6566743850708008,1.9095787474087307
0,140,5,11,0,0.6566743850708008,1.9095787474087307
0,140,2,17,0,0.6566743850708008,1.9095787474087307
0,140,5,13,0,0.6566743850708008,1.9095787474087307
0,140,18,23,0,0.6566743850708008,1.9095787474087307
0,140,5,14,0,0.6566743850708008,1.9095787474087307
0,140,23,15,0,0.6566743850708008,1.9095787474087307
0,140,2,13,0,0.6566743850708008,1.9095787474087307
0,140,5,13,0,0.6566743850708008,1.9095787474087307
0,140,2,16,0,0.6566743850708008,1.9095787474087307
0,140,23,19,0,0.6566743850708008,1.9095787474087307
0,140,5,14,0,0.6566743850708008,1.9095787474087307
0,140,2,14,0,0.6566743850708008,1.9095787474087307
0,140,2,10,0,0.6566743850708008,1.9095787474087307
0,140,2,9,0,0.6566743850708008,1.9095787474087307
0,140,5,9,0,0.6566743850708008,1.9095787474087307
0,140,22,21,0,0.6566743850708008,1.9095787474087307
0,140,2,17,0,0.6566743850708008,1.9095787474087307
0,140,5,18,0,0.6566743850708008,1.9095787474087307
0,140,5,18,0,0.6566743850708008,1.9095787474087307
0,140,23,22,0,0.6566743850708008,1.9095787474087307
0,140,2,9,0,0.6566743850708008,1.9095787474087307
0,140,18,22,0,0.6566743850708008,1.9095787474087307
0,140,22,16,0,0.6566743850708008,1.9095787474087307
0,140,22,21,0,0.6566743850708008,1.9095787474087307
0,140,2,9,0,0.6566743850708008,1.9095787474087307
0,140,2,15,0,0.6566743850708008,1.9095787474087307
0,140,5,15,0,0.6566743850708008,1.9095787474087307
0,140,2,15,0,0.6566743850708008,1.9095787474087307
0,140,2,12,0,0.6566743850708008,1.9095787474087307
0,140,2,13,0,0.6566743850708008,1.9095787474087307
0,140,2,13,0,0.6566743850708008,1.9095787474087307
0,140,23,17,0,0.6566743850708008,1.9095787474087307
0,140,5,11,0,0.6566743850708008,1.9095787474087307
0,140,2,14,0,0.6566743850708008,1.9095787474087307
0,140,2,15,0,0.6566743850708008,1.9095787474087307
0,140,5,14,0,0.6566743850708008,1.9095787474087307
0,140,2,13,0,0.6566743850708008,1.9095787474087307
0,140,2,13,0,0.6566743850708008,1.9095787474087307
0,140,2,11,0,0.6566743850708008,1.9095787474087307
0,140,23,22,0,0.6566743850708008,1.9095787474087307
0,140,22,19,0,0.6566743850708008,1.9095787474087307
0,140,23,12,0,0.6566743850708008,1.9095787474087307
0,140,5,18,0,0.6566743850708008,1.9095787474087307
0,140,2,17,0,0.6566743850708008,1.9095787474087307
0,140,2,18,0,0.6566743850708008,1.9095787474087307
0,140,23,17,0,0.6566743850708008,1.9095787474087307
0,140,2,17,0,0.6566743850708008,1.9095787474087307
0,140,5,19,0,0.6566743850708008,1.9095787474087307
0,140,2,10,0,0.6566743850708008,1.9095787474087307
0,140,2,3,0,0.6566743850708008,1.9095787474087307
0,140,2,13,0,0.6566743850708008,1.9095787474087307
0,140,5,18,0,0.6566743850708008,1.9095787474087307
0,140,23,22,0,0.6566743850708008,1.9095787474087307
0,140,2,13,0,0.6566743850708008,1.9095787474087307
0,140,2,16,0,0.6566743850708008,1.9095787474087307
0,140,10,7,0,0.6566743850708008,1.9095787474087307
0,140,22,21,0,0.6566743850708008,1.9095787474087307
0,140,5,18,0,0.6566743850708008,1.9095787474087307
0,140,2,14,0,0.6566743850708008,1.9095787474087307
0,140,2,17,0,0.6566743850708008,1.9095787474087307
0,140,2,3,0,0.6566743850708008,1.9095787474087307
0,140,5,15,0,0.6566743850708008,1.9095787474087307
0,140,2,16,0,0.6566743850708008,1.9095787474087307
0,140,18,21,0,0.6566743850708008,1.9095787474087307
0,140,2,16,0,0.6566743850708008,1.9095787474087307
0,140,2,6,0,0.6566743850708008,1.9095787474087307
0,140,5,11,0,0.6566743850708008,1.9095787474087307
0,140,22,21,0,0.6566743850708008,1.9095787474087307
1,140,17,0,3,0.5946331024169922,1.591730489049639
0,140,32,27,0,0.5946331024169922,1.591730489049639
0,140,14,13,0,0.5946331024169922,1.591730489049639
0,140,11,6,0,0.5946331024169922,1.591730489049639
0,140,14,17,0,0.5946331024169922,1.591730489049639
0,140,11,19,0,0.5946331024169922,1.591730489049639
0,140,11,15,0,0.5946331024169922,1.591730489049639
0,140,11,17,0,0.5946331024169922,1.591730489049639
0,140,11,9,0,0.5946331024169922,1.591730489049639
0,140,14,17,0,0.5946331024169922,1.591730489049639
0,140,14,13,0,0.5946331024169922,1.591730489049639
0,140,11,15,0,0.5946331024169922,1.591730489049639
0,140,24,18,0,0.5946331024169922,1.591730489049639
0,140,11,15,0,0.5946331024169922,1.591730489049639
0,140,24,13,0,0.5946331024169922,1.591730489049639
0,140,14,21,0,0.5946331024169922,1.591730489049639
0,140,11,11,0,0.5946331024169922,1.591730489049639
0,140,11,12,0,0.5946331024169922,1.591730489049639
0,140,14,17,0,0.5946331024169922,1.591730489049639
0,140,11,15,0,0.5946331024169922,1.591730489049639
0,140,14,13,0,0.5946331024169922,1.591730489049639
0,140,14,20,0,0.5946331024169922,1.591730489049639
0,140,11,6,0,0.5946331024169922,1.591730489049639
0,140,11,10,0,0.5946331024169922,1.591730489049639
0,140,11,13,0,0.5946331024169922,1.591730489049639
0,140,14,15,0,0.5946331024169922,1.591730489049639
0,140,2,1,0,0.5946331024169922,1.591730489049639
0,140,11,16,0,0.5946331024169922,1.591730489049639
0,140,11,15,0,0.5946331024169922,1.591730489049639
0,140,7,5,0,0.5946331024169922,1.591730489049639
0,140,11,14,0,0.5946331024169922,1.591730489049639
0,140,14,8,0,0.5946331024169922,1.591730489049639
0,140,11,18,0,0.5946331024169922,1.591730489049639
0,140,11,13,0,0.5946331024169922,1.591730489049639
0,140,14,15,0,0.5946331024169922,1.591730489049639
0,140,11,11,0,0.5946331024169922,1.591730489049639
0,140,11,15,0,0.5946331024169922,1.591730489049639
0,140,14,11,0,0.5946331024169922,1.591730489049639
0,140,14,20,0,0.5946331024169922,1.591730489049639
0,140,11,13,0,0.5946331024169922,1.591730489049639
0,140,11,14,0,0.5946331024169922,1.591730489049639
0,140,11,15,0,0.5946331024169922,1.591730489049639
0,140,11,13,0,0.5946331024169922,1.591730489049639
0,140,11,12,0,0.5946331024169922,1.591730489049639
0,140,11,7,0,0.5946331024169922,1.591730489049639
0,140,11,12,0,0.5946331024169922,1.591730489049639
0,140,11,15,0,0.5946331024169922,1.591730489049639
0,140,11,13,0,0.5946331024169922,1.591730489049639
0,140,11,17,0,0.5946331024169922,1.591730489049639
0,140,14,20,0,0.5946331024169922,1.591730489049639
0,140,11,13,0,0.5946331024169922,1.591730489049639
0,140,11,13,0,0.5946331024169922,1.591730489049639
0,140,11,17,0,0.5946331024169922,1.591730489049639
0,140,11,11,0,0.5946331024169922,1.591730489049639
0,140,11,12,0,0.5946331024169922,1.591730489049639
0,140,11,18,0,0.5946331024169922,1.591730489049639
0,140,14,19,0,0.5946331024169922,1.591730489049639
0,140,11,3,0,0.5946331024169922,1.591730489049639
0,140,11,11,0,0.5946331024169922,1.591730489049639
0,140,11,8,0,0.5946331024169922,1.591730489049639
0,140,3,5,0,0.5946331024169922,1.591730489049639
0,140,11,11,0,0.5946331024169922,1.591730489049639
0,140,11,8,0,0.5946331024169922,1.591730489049639
0,140,14,18,0,0.5946331024169922,1.591730489049639
0,140,11,14,0,0.5946331024169922,1.591730489049639
0,140,14,7,0,0.5946331024169922,1.591730489049639
0,140,11,5,0,0.5946331024169922,1.591730489049639
0,140,11,12,0,0.5946331024169922,1.591730489049639
0,140,11,8,0,0.5946331024169922,1.591730489049639
0,140,11,17,0,0.5946331024169922,1.591730489049639
0,140,23,21,0,0.5946331024169922,1.591730489049639
0,140,11,9,0,0.5946331024169922,1.591730489049639
0,140,11,13,0,0.5946331024169922,1.591730489049639
0,140,11,14,0,0.5946331024169922,1.591730489049639
0,140,11,13,0,0.5946331024169922,1.591730489049639
0,140,24,10,0,0.5946331024169922,1.591730489049639
0,140,11,15,0,0.5946331024169922,1.591730489049639
0,140,14,13,0,0.5946331024169922,1.591730489049639
0,140,11,13,0,0.5946331024169922,1.591730489049639
0,140,11,4,0,0.5946331024169922,1.591730489049639
0,140,11,12,0,0.5946331024169922,1.591730489049639
0,140,14,8,0,0.5946331024169922,1.591730489049639
0,140,11,6,0,0.5946331024169922,1.591730489049639
0,140,11,11,0,0.5946331024169922,1.591730489049639
0,140,11,8,0,0.5946331024169922,1.591730489049639
0,140,11,13,0,0.5946331024169922,1.591730489049639
0,140,11,15,0,0.5946331024169922,1.591730489049639
0,140,14,13,0,0.5946331024169922,1.591730489049639
0,140,11,15,0,0.5946331024169922,1.591730489049639
0,140,11,17,0,0.5946331024169922,1.591730489049639
0,140,11,12,0,0.5946331024169922,1.591730489049639
0,140,14,17,0,0.5946331024169922,1.591730489049639
0,140,11,13,0,0.5946331024169922,1.591730489049639
0,140,24,18,0,0.5946331024169922,1.591730489049639
0,140,14,9,0,0.5946331024169922,1.591730489049639
0,140,14,10,0,0.5946331024169922,1.591730489049639
0,140,11,19,0,0.5946331024169922,1.591730489049639
0,140,11,11,0,0.5946331024169922,1.591730489049639
0,140,11,3,0,0.5946331024169922,1.591730489049639
0,140,11,10,0,0.5946331024169922,1.591730489049639
0,140,11,10,0,0.5946331024169922,1.591730489049639
0,140,11,16,0,0.5946331024169922,1.591730489049639
0,140,11,17,0,0.5946331024169922,1.591730489049639
0,140,14,14,0,0.5946331024169922,1.591730489049639
0,140,11,14,0,0.5946331024169922,1.591730489049639
0,140,11,19,0,0.5946331024169922,1.591730489049639
0,140,11,16,0,0.5946331024169922,1.591730489049639
0,140,11,11,0,0.5946331024169922,1.591730489049639
0,140,11,15,0,0.5946331024169922,1.591730489049639
0,140,11,12,0,0.5946331024169922,1.591730489049639
0,140,11,13,0,0.5946331024169922,1.591730489049639
0,140,14,12,0,0.5946331024169922,1.591730489049639
0,140,14,10,0,0.5946331024169922,1.591730489049639
0,140,14,17,0,0.5946331024169922,1.591730489049639
0,140,11,11,0,0.5946331024169922,1.591730489049639
0,140,11,17,0,0.5946331024169922,1.591730489049639
0,140,11,8,0,0.5946331024169922,1.591730489049639
0,140,14,15,0,0.5946331024169922,1.591730489049639
0,140,11,8,0,0.5946331024169922,1.591730489049639
0,140,11,9,0,0.5946331024169922,1.591730489049639
0,140,11,15,0,0.5946331024169922,1.591730489049639
0,140,11,15,0,0.5946331024169922,1.591730489049639
0,140,11,10,0,0.5946331024169922,1.591730489049639
0,140,11,18,0,0.5946331024169922,1.591730489049639
0,140,14,13,0,0.5946331024169922,1.591730489049639
0,140,11,8,0,0.5946331024169922,1.591730489049639
0,140,11,12,0,0.5946331024169922,1.591730489049639
0,140,10,0,1,0.5946331024169922,1.591730489049639
0,140,14,16,0,0.5946331024169922,1.591730489049639
0,140,11,6,0,0.5946331024169922,1.591730489049639
0,140,11,13,0,0.5946331024169922,1.591730489049639
0,140,11,13,0,0.5946331024169922,1.591730489049639
0,140,11,14,0,0.5946331024169922,1.591730489049639
0,140,11,16,0,0.5946331024169922,1.591730489049639
0,140,11,13,0,0.5946331024169922,1.591730489049639
0,140,24,21,0,0.5946331024169922,1.591730489049639
0,140,11,13,0,0.5946331024169922,1.591730489049639
0,140,11,11,0,0.5946331024169922,1.591730489049639
0,140,11,12,0,0.5946331024169922,1.591730489049639
0,140,14,11,0,0.5946331024169922,1.591730489049639
0,140,14,11,0,0.5946331024169922,1.591730489049639
0,140,22,24,0,0.5946331024169922,1.591730489049639
0,140,11,14,0,0.5946331024169922,1.591730489049639
0,140,14,9,0,0.5946331024169922,1.591730489049639
0,140,11,6,0,0.5946331024169922,1.591730489049639
0,140,14,11,0,0.5946331024169922,1.591730489049639
0,140,3,3,0,0.5946331024169922,1.591730489049639
0,140,11,6,0,0.5946331024169922,1.591730489049639
0,140,14,16,0,0.5946331024169922,1.591730489049639
0,140,11,11,0,0.5946331024169922,1.591730489049639
0,140,14,10,0,0.5946331024169922,1.591730489049639
0,140,3,0,1,0.5946331024169922,1.591730489049639
0,140,11,7,0,0.5946331024169922,1.591730489049639
0,140,11,7,0,0.5946331024169922,1.591730489049639
0,140,14,10,0,0.5946331024169922,1.591730489049639
0,140,23,18,0,0.5946331024169922,1.591730489049639
0,140,11,16,0,0.5946331024169922,1.591730489049639
0,140,11,11,0,0.5946331024169922,1.591730489049639
0,140,11,9,0,0.5946331024169922,1.591730489049639
0,140,11,10,0,0.5946331024169922,1.591730489049639
0,140,11,10,0,0.5946331024169922,1.591730489049639
0,140,14,8,0,0.5946331024169922,1.591730489049639
0,140,11,16,0,0.5946331024169922,1.591730489049639
0,140,11,15,0,0.5946331024169922,1.591730489049639
0,140,24,16,0,0.5946331024169922,1.591730489049639
0,140,11,9,0,0.5946331024169922,1.591730489049639
0,140,11,13,0,0.5946331024169922,1.591730489049639
0,140,11,14,0,0.5946331024169922,1.591730489049639
0,140,14,10,0,0.5946331024169922,1.591730489049639
0,140,24,18,0,0.5946331024169922,1.591730489049639
0,140,11,9,0,0.5946331024169922,1.591730489049639
0,140,11,9,0,0.5946331024169922,1.591730489049639
0,140,11,12,0,0.5946331024169922,1.591730489049639
0,140,14,7,0,0.5946331024169922,1.591730489049639
0,140,11,6,0,0.5946331024169922,1.591730489049639
0,140,14,13,0,0.5946331024169922,1.591730489049639
0,140,11,12,0,0.5946331024169922,1.591730489049639
0,140,11,13,0,0.5946331024169922,1.591730489049639
0,140,14,11,0,0.5946331024169922,1.591730489049639
0,140,11,7,0,0.5946331024169922,1.591730489049639
0,140,11,7,0,0.5946331024169922,1.591730489049639
0,140,14,19,0,0.5946331024169922,1.591730489049639
0,140,14,9,0,0.5946331024169922,1.591730489049639
0,140,11,14,0,0.5946331024169922,1.591730489049639
0,140,14,8,0,0.5946331024169922,1.591730489049639
0,140,24,11,0,0.5946331024169922,1.591730489049639
0,140,24,16,0,0.5946331024169922,1.591730489049639
0,140,11,15,0,0.5946331024169922,1.591730489049639
0,140,14,17,0,0.5946331024169922,1.591730489049639
0,140,11,8,0,0.5946331024169922,1.591730489049639
0,140,11,10,0,0.5946331024169922,1.591730489049639
0,140,11,12,0,0.5946331024169922,1.591730489049639
0,140,34,28,0,0.5946331024169922,1.591730489049639
0,140,11,17,0,0.5946331024169922,1.591730489049639
0,140,11,11,0,0.5946331024169922,1.591730489049639
0,140,14,10,0,0.5946331024169922,1.591730489049639
0,140,11,17,0,0.5946331024169922,1.591730489049639
0,140,11,9,0,0.5946331024169922,1.591730489049639
0,140,11,16,0,0.5946331024169922,1.591730489049639
0,140,24,13,0,0.5946331024169922,1.591730489049639
0,140,11,9,0,0.5946331024169922,1.591730489049639
0,140,14,11,0,0.5946331024169922,1.591730489049639
0,140,11,14,0,0.5946331024169922,1.591730489049639
0,140,24,9,0,0.5946331024169922,1.591730489049639
0,140,24,16,0,0.5946331024169922,1.591730489049639
0,140,3,2,0,0.5946331024169922,1.591730489049639
0,140,14,15,0,0.5946331024169922,1.591730489049639
0,140,11,10,0,0.5946331024169922,1.591730489049639
0,140,11,7,0,0.5946331024169922,1.591730489049639
0,140,11,17,0,0.5946331024169922,1.591730489049639
0,140,11,7,0,0.5946331024169922,1.591730489049639
0,140,14,9,0,0.5946331024169922,1.591730489049639
0,140,14,10,0,0.5946331024169922,1.591730489049639
0,140,11,13,0,0.5946331024169922,1.591730489049639
0,140,11,8,0,0.5946331024169922,1.591730489049639
0,140,11,9,0,0.5946331024169922,1.591730489049639
0,140,11,16,0,0.5946331024169922,1.591730489049639
0,140,11,16,0,0.5946331024169922,1.591730489049639
0,140,11,12,0,0.5946331024169922,1.591730489049639
0,140,14,14,0,0.5946331024169922,1.591730489049639
0,140,24,12,0,0.5946331024169922,1.591730489049639
0,140,11,6,0,0.5946331024169922,1.591730489049639
0,140,23,24,0,0.5946331024169922,1.591730489049639
0,140,11,11,0,0.5946331024169922,1.591730489049639
0,140,11,11,0,0.5946331024169922,1.591730489049639
0,140,14,15,0,0.5946331024169922,1.591730489049639
0,140,11,10,0,0.5946331024169922,1.591730489049639
0,140,2,0,0,0.5946331024169922,1.591730489049639
0,140,14,14,0,0.5946331024169922,1.591730489049639
0,140,11,16,0,0.5946331024169922,1.591730489049639
0,140,14,13,0,0.5946331024169922,1.591730489049639
0,140,11,13,0,0.5946331024169922,1.591730489049639
0,140,11,12,0,0.5946331024169922,1.591730489049639
0,140,11,15,0,0.5946331024169922,1.591730489049639
0,140,11,7,0,0.5946331024169922,1.591730489049639
0,140,11,7,0,0.5946331024169922,1.591730489049639
0,140,11,6,0,0.5946331024169922,1.591730489049639
0,140,0,1,3,0.5946331024169922,1.591730489049639
0,140,11,19,0,0.5946331024169922,1.591730489049639
0,140,11,10,0,0.5946331024169922,1.591730489049639
0,140,11,12,0,0.5946331024169922,1.591730489049639
0,140,14,18,0,0.5946331024169922,1.591730489049639
0,140,11,15,0,0.5946331024169922,1.591730489049639
0,140,0,1,3,0.5946331024169922,1.591730489049639
0,140,11,10,0,0.5946331024169922,1.591730489049639
0,140,9,8,0,0.5946331024169922,1.591730489049639
0,140,11,4,0,0.5946331024169922,1.591730489049639
0,140,11,11,0,0.5946331024169922,1.591730489049639
0,140,3,4,0,0.5946331024169922,1.591730489049639
0,140,11,14,0,0.5946331024169922,1.591730489049639
0,140,9,8,0,0.5946331024169922,1.591730489049639
0,140,11,9,0,0.5946331024169922,1.591730489049639
0,140,11,15,0,0.5946331024169922,1.591730489049639
0,140,11,12,0,0.5946331024169922,1.591730489049639
0,140,7,8,0,0.5946331024169922,1.591730489049639
0,140,11,15,0,0.5946331024169922,1.591730489049639
0,140,11,17,0,0.5946331024169922,1.591730489049639
0,140,11,10,0,0.5946331024169922,1.591730489049639
0,140,11,14,0,0.5946331024169922,1.591730489049639
0,140,11,15,0,0.5946331024169922,1.591730489049639
0,140,11,15,0,0.5946331024169922,1.591730489049639
0,140,22,20,0,0.5946331024169922,1.591730489049639
0,140,14,17,0,0.5946331024169922,1.591730489049639
0,140,14,9,0,0.5946331024169922,1.591730489049639
0,140,14,15,0,0.5946331024169922,1.591730489049639
0,140,23,21,0,0.5946331024169922,1.591730489049639
0,140,11,11,0,0.5946331024169922,1.591730489049639
0,140,11,12,0,0.5946331024169922,1.591730489049639
0,140,11,13,0,0.5946331024169922,1.591730489049639
0,140,11,13,0,0.5946331024169922,1.591730489049639
0,140,11,17,0,0.5946331024169922,1.591730489049639
0,140,11,11,0,0.5946331024169922,1.591730489049639
0,140,11,15,0,0.5946331024169922,1.591730489049639
0,140,14,11,0,0.5946331024169922,1.591730489049639
0,140,7,16,0,0.5946331024169922,1.591730489049639
0,140,11,8,0,0.5946331024169922,1.591730489049639
0,140,14,8,0,0.5946331024169922,1.591730489049639
0,140,5,5,0,0.5946331024169922,1.591730489049639
0,140,14,7,0,0.5946331024169922,1.591730489049639
Total attack time: 495.83259773254395
1,120,21,0,4,0.5598750114440918,1.6830616255601247
0,120,18,19,0,0.5598750114440918,1.6830616255601247
0,120,23,21,0,0.5598750114440918,1.6830616255601247
0,120,17,13,0,0.5598750114440918,1.6830616255601247
0,120,23,24,0,0.5598750114440918,1.6830616255601247
0,120,20,17,0,0.5598750114440918,1.6830616255601247
0,120,20,20,0,0.5598750114440918,1.6830616255601247
0,120,19,11,0,0.5598750114440918,1.6830616255601247
0,120,17,19,0,0.5598750114440918,1.6830616255601247
0,120,19,19,0,0.5598750114440918,1.6830616255601247
0,120,19,17,0,0.5598750114440918,1.6830616255601247
0,120,19,9,0,0.5598750114440918,1.6830616255601247
0,120,19,13,0,0.5598750114440918,1.6830616255601247
0,120,18,18,0,0.5598750114440918,1.6830616255601247
0,120,17,10,0,0.5598750114440918,1.6830616255601247
0,120,19,11,0,0.5598750114440918,1.6830616255601247
0,120,0,9,0,0.5598750114440918,1.6830616255601247
0,120,17,17,0,0.5598750114440918,1.6830616255601247
0,120,18,15,0,0.5598750114440918,1.6830616255601247
0,120,20,10,0,0.5598750114440918,1.6830616255601247
0,120,18,23,0,0.5598750114440918,1.6830616255601247
0,120,17,14,0,0.5598750114440918,1.6830616255601247
0,120,26,27,0,0.5598750114440918,1.6830616255601247
0,120,26,19,0,0.5598750114440918,1.6830616255601247
0,120,20,13,0,0.5598750114440918,1.6830616255601247
0,120,20,12,0,0.5598750114440918,1.6830616255601247
0,120,17,8,0,0.5598750114440918,1.6830616255601247
0,120,17,20,0,0.5598750114440918,1.6830616255601247
0,120,20,18,0,0.5598750114440918,1.6830616255601247
0,120,20,16,0,0.5598750114440918,1.6830616255601247
0,120,20,17,0,0.5598750114440918,1.6830616255601247
0,120,18,22,0,0.5598750114440918,1.6830616255601247
0,120,5,0,4,0.5598750114440918,1.6830616255601247
0,120,20,12,0,0.5598750114440918,1.6830616255601247
0,120,18,24,0,0.5598750114440918,1.6830616255601247
0,120,19,16,0,0.5598750114440918,1.6830616255601247
0,120,26,25,0,0.5598750114440918,1.6830616255601247
0,120,3,4,0,0.5598750114440918,1.6830616255601247
0,120,18,23,0,0.5598750114440918,1.6830616255601247
0,120,17,17,0,0.5598750114440918,1.6830616255601247
0,120,19,14,0,0.5598750114440918,1.6830616255601247
0,120,17,8,0,0.5598750114440918,1.6830616255601247
0,120,18,18,0,0.5598750114440918,1.6830616255601247
0,120,19,11,0,0.5598750114440918,1.6830616255601247
0,120,19,16,0,0.5598750114440918,1.6830616255601247
0,120,14,9,0,0.5598750114440918,1.6830616255601247
0,120,20,20,0,0.5598750114440918,1.6830616255601247
0,120,19,16,0,0.5598750114440918,1.6830616255601247
0,120,20,16,0,0.5598750114440918,1.6830616255601247
0,120,18,15,0,0.5598750114440918,1.6830616255601247
0,120,20,8,0,0.5598750114440918,1.6830616255601247
0,120,18,24,0,0.5598750114440918,1.6830616255601247
0,120,19,15,0,0.5598750114440918,1.6830616255601247
0,120,19,15,0,0.5598750114440918,1.6830616255601247
0,120,20,19,0,0.5598750114440918,1.6830616255601247
0,120,17,11,0,0.5598750114440918,1.6830616255601247
0,120,18,15,0,0.5598750114440918,1.6830616255601247
0,120,23,21,0,0.5598750114440918,1.6830616255601247
0,120,17,17,0,0.5598750114440918,1.6830616255601247
0,120,17,12,0,0.5598750114440918,1.6830616255601247
0,120,20,10,0,0.5598750114440918,1.6830616255601247
0,120,20,9,0,0.5598750114440918,1.6830616255601247
0,120,19,20,0,0.5598750114440918,1.6830616255601247
0,120,20,16,0,0.5598750114440918,1.6830616255601247
0,120,26,25,0,0.5598750114440918,1.6830616255601247
0,120,18,11,0,0.5598750114440918,1.6830616255601247
0,120,17,16,0,0.5598750114440918,1.6830616255601247
0,120,20,14,0,0.5598750114440918,1.6830616255601247
0,120,17,18,0,0.5598750114440918,1.6830616255601247
0,120,17,11,0,0.5598750114440918,1.6830616255601247
0,120,20,8,0,0.5598750114440918,1.6830616255601247
0,120,20,17,0,0.5598750114440918,1.6830616255601247
0,120,17,12,0,0.5598750114440918,1.6830616255601247
0,120,18,19,0,0.5598750114440918,1.6830616255601247
0,120,17,13,0,0.5598750114440918,1.6830616255601247
0,120,19,13,0,0.5598750114440918,1.6830616255601247
0,120,20,14,0,0.5598750114440918,1.6830616255601247
0,120,18,17,0,0.5598750114440918,1.6830616255601247
0,120,20,18,0,0.5598750114440918,1.6830616255601247
0,120,17,9,0,0.5598750114440918,1.6830616255601247
0,120,19,20,0,0.5598750114440918,1.6830616255601247
0,120,20,15,0,0.5598750114440918,1.6830616255601247
0,120,17,18,0,0.5598750114440918,1.6830616255601247
0,120,18,23,0,0.5598750114440918,1.6830616255601247
0,120,20,11,0,0.5598750114440918,1.6830616255601247
0,120,17,20,0,0.5598750114440918,1.6830616255601247
0,120,19,16,0,0.5598750114440918,1.6830616255601247
0,120,26,22,0,0.5598750114440918,1.6830616255601247
0,120,20,15,0,0.5598750114440918,1.6830616255601247
0,120,17,10,0,0.5598750114440918,1.6830616255601247
0,120,19,14,0,0.5598750114440918,1.6830616255601247
0,120,17,18,0,0.5598750114440918,1.6830616255601247
0,120,17,16,0,0.5598750114440918,1.6830616255601247
0,120,19,17,0,0.5598750114440918,1.6830616255601247
0,120,19,12,0,0.5598750114440918,1.6830616255601247
0,120,20,18,0,0.5598750114440918,1.6830616255601247
0,120,20,12,0,0.5598750114440918,1.6830616255601247
0,120,17,11,0,0.5598750114440918,1.6830616255601247
0,120,19,10,0,0.5598750114440918,1.6830616255601247
0,120,17,16,0,0.5598750114440918,1.6830616255601247
0,120,17,12,0,0.5598750114440918,1.6830616255601247
0,120,17,14,0,0.5598750114440918,1.6830616255601247
0,120,20,14,0,0.5598750114440918,1.6830616255601247
0,120,20,17,0,0.5598750114440918,1.6830616255601247
0,120,20,20,0,0.5598750114440918,1.6830616255601247
0,120,17,16,0,0.5598750114440918,1.6830616255601247
0,120,19,20,0,0.5598750114440918,1.6830616255601247
0,120,20,19,0,0.5598750114440918,1.6830616255601247
0,120,20,14,0,0.5598750114440918,1.6830616255601247
0,120,20,13,0,0.5598750114440918,1.6830616255601247
0,120,20,13,0,0.5598750114440918,1.6830616255601247
0,120,17,13,0,0.5598750114440918,1.6830616255601247
0,120,20,11,0,0.5598750114440918,1.6830616255601247
0,120,19,20,0,0.5598750114440918,1.6830616255601247
0,120,17,12,0,0.5598750114440918,1.6830616255601247
0,120,18,23,0,0.5598750114440918,1.6830616255601247
0,120,20,13,0,0.5598750114440918,1.6830616255601247
0,120,17,13,0,0.5598750114440918,1.6830616255601247
0,120,17,13,0,0.5598750114440918,1.6830616255601247
0,120,18,16,0,0.5598750114440918,1.6830616255601247
0,120,20,16,0,0.5598750114440918,1.6830616255601247
0,120,17,21,0,0.5598750114440918,1.6830616255601247
0,120,18,19,0,0.5598750114440918,1.6830616255601247
0,120,19,14,0,0.5598750114440918,1.6830616255601247
0,120,20,19,0,0.5598750114440918,1.6830616255601247
0,120,20,18,0,0.5598750114440918,1.6830616255601247
0,120,18,20,0,0.5598750114440918,1.6830616255601247
0,120,20,15,0,0.5598750114440918,1.6830616255601247
0,120,19,18,0,0.5598750114440918,1.6830616255601247
0,120,20,12,0,0.5598750114440918,1.6830616255601247
0,120,19,20,0,0.5598750114440918,1.6830616255601247
0,120,18,15,0,0.5598750114440918,1.6830616255601247
0,120,20,10,0,0.5598750114440918,1.6830616255601247
0,120,20,14,0,0.5598750114440918,1.6830616255601247
0,120,20,15,0,0.5598750114440918,1.6830616255601247
0,120,20,17,0,0.5598750114440918,1.6830616255601247
0,120,20,12,0,0.5598750114440918,1.6830616255601247
0,120,17,10,0,0.5598750114440918,1.6830616255601247
0,120,20,12,0,0.5598750114440918,1.6830616255601247
0,120,19,13,0,0.5598750114440918,1.6830616255601247
0,120,19,17,0,0.5598750114440918,1.6830616255601247
0,120,28,26,0,0.5598750114440918,1.6830616255601247
0,120,18,20,0,0.5598750114440918,1.6830616255601247
0,120,17,8,0,0.5598750114440918,1.6830616255601247
0,120,18,22,0,0.5598750114440918,1.6830616255601247
0,120,20,4,0,0.5598750114440918,1.6830616255601247
0,120,20,12,0,0.5598750114440918,1.6830616255601247
0,120,20,17,0,0.5598750114440918,1.6830616255601247
0,120,17,10,0,0.5598750114440918,1.6830616255601247
0,120,18,23,0,0.5598750114440918,1.6830616255601247
0,120,19,12,0,0.5598750114440918,1.6830616255601247
0,120,20,10,0,0.5598750114440918,1.6830616255601247
0,120,18,25,0,0.5598750114440918,1.6830616255601247
0,120,20,18,0,0.5598750114440918,1.6830616255601247
0,120,18,21,0,0.5598750114440918,1.6830616255601247
0,120,19,8,0,0.5598750114440918,1.6830616255601247
0,120,20,12,0,0.5598750114440918,1.6830616255601247
0,120,20,11,0,0.5598750114440918,1.6830616255601247
0,120,18,24,0,0.5598750114440918,1.6830616255601247
0,120,20,13,0,0.5598750114440918,1.6830616255601247
0,120,19,19,0,0.5598750114440918,1.6830616255601247
0,120,19,10,0,0.5598750114440918,1.6830616255601247
0,120,17,11,0,0.5598750114440918,1.6830616255601247
0,120,17,13,0,0.5598750114440918,1.6830616255601247
0,120,20,12,0,0.5598750114440918,1.6830616255601247
0,120,19,10,0,0.5598750114440918,1.6830616255601247
0,120,1,1,0,0.5598750114440918,1.6830616255601247
0,120,20,15,0,0.5598750114440918,1.6830616255601247
0,120,20,17,0,0.5598750114440918,1.6830616255601247
0,120,14,8,0,0.5598750114440918,1.6830616255601247
0,120,20,20,0,0.5598750114440918,1.6830616255601247
0,120,19,16,0,0.5598750114440918,1.6830616255601247
0,120,20,16,0,0.5598750114440918,1.6830616255601247
0,120,20,14,0,0.5598750114440918,1.6830616255601247
0,120,19,17,0,0.5598750114440918,1.6830616255601247
0,120,20,14,0,0.5598750114440918,1.6830616255601247
0,120,20,17,0,0.5598750114440918,1.6830616255601247
0,120,18,19,0,0.5598750114440918,1.6830616255601247
0,120,19,19,0,0.5598750114440918,1.6830616255601247
0,120,17,15,0,0.5598750114440918,1.6830616255601247
0,120,20,18,0,0.5598750114440918,1.6830616255601247
0,120,17,16,0,0.5598750114440918,1.6830616255601247
0,120,20,18,0,0.5598750114440918,1.6830616255601247
0,120,20,17,0,0.5598750114440918,1.6830616255601247
0,120,20,15,0,0.5598750114440918,1.6830616255601247
0,120,20,14,0,0.5598750114440918,1.6830616255601247
0,120,17,7,0,0.5598750114440918,1.6830616255601247
0,120,17,20,0,0.5598750114440918,1.6830616255601247
0,120,20,13,0,0.5598750114440918,1.6830616255601247
0,120,19,12,0,0.5598750114440918,1.6830616255601247
0,120,20,14,0,0.5598750114440918,1.6830616255601247
0,120,20,18,0,0.5598750114440918,1.6830616255601247
0,120,20,19,0,0.5598750114440918,1.6830616255601247
0,120,17,19,0,0.5598750114440918,1.6830616255601247
0,120,20,10,0,0.5598750114440918,1.6830616255601247
0,120,20,14,0,0.5598750114440918,1.6830616255601247
0,120,18,22,0,0.5598750114440918,1.6830616255601247
0,120,17,16,0,0.5598750114440918,1.6830616255601247
0,120,17,15,0,0.5598750114440918,1.6830616255601247
0,120,17,17,0,0.5598750114440918,1.6830616255601247
0,120,0,3,0,0.5598750114440918,1.6830616255601247
0,120,20,17,0,0.5598750114440918,1.6830616255601247
0,120,20,20,0,0.5598750114440918,1.6830616255601247
0,120,18,23,0,0.5598750114440918,1.6830616255601247
0,120,20,18,0,0.5598750114440918,1.6830616255601247
0,120,19,18,0,0.5598750114440918,1.6830616255601247
0,120,17,18,0,0.5598750114440918,1.6830616255601247
0,120,20,12,0,0.5598750114440918,1.6830616255601247
0,120,17,21,0,0.5598750114440918,1.6830616255601247
0,120,20,16,0,0.5598750114440918,1.6830616255601247
0,120,23,22,0,0.5598750114440918,1.6830616255601247
0,120,17,12,0,0.5598750114440918,1.6830616255601247
0,120,17,13,0,0.5598750114440918,1.6830616255601247
0,120,20,19,0,0.5598750114440918,1.6830616255601247
0,120,17,14,0,0.5598750114440918,1.6830616255601247
0,120,18,15,0,0.5598750114440918,1.6830616255601247
0,120,17,12,0,0.5598750114440918,1.6830616255601247
0,120,18,18,0,0.5598750114440918,1.6830616255601247
0,120,20,14,0,0.5598750114440918,1.6830616255601247
0,120,17,18,0,0.5598750114440918,1.6830616255601247
0,120,20,12,0,0.5598750114440918,1.6830616255601247
0,120,18,21,0,0.5598750114440918,1.6830616255601247
0,120,17,18,0,0.5598750114440918,1.6830616255601247
0,120,20,15,0,0.5598750114440918,1.6830616255601247
0,120,20,14,0,0.5598750114440918,1.6830616255601247
0,120,20,11,0,0.5598750114440918,1.6830616255601247
0,120,17,20,0,0.5598750114440918,1.6830616255601247
0,120,19,11,0,0.5598750114440918,1.6830616255601247
0,120,20,13,0,0.5598750114440918,1.6830616255601247
0,120,17,18,0,0.5598750114440918,1.6830616255601247
0,120,17,14,0,0.5598750114440918,1.6830616255601247
0,120,18,21,0,0.5598750114440918,1.6830616255601247
0,120,20,10,0,0.5598750114440918,1.6830616255601247
0,120,18,21,0,0.5598750114440918,1.6830616255601247
0,120,19,19,0,0.5598750114440918,1.6830616255601247
0,120,19,10,0,0.5598750114440918,1.6830616255601247
0,120,20,15,0,0.5598750114440918,1.6830616255601247
0,120,20,19,0,0.5598750114440918,1.6830616255601247
0,120,17,19,0,0.5598750114440918,1.6830616255601247
0,120,20,11,0,0.5598750114440918,1.6830616255601247
1,120,11,0,0,0.599646806716919,1.7884209593137106
0,120,19,18,0,0.599646806716919,1.7884209593137106
0,120,18,21,0,0.599646806716919,1.7884209593137106
0,120,20,17,0,0.599646806716919,1.7884209593137106
0,120,11,13,0,0.599646806716919,1.7884209593137106
0,120,11,18,0,0.599646806716919,1.7884209593137106
0,120,18,18,0,0.599646806716919,1.7884209593137106
0,120,11,17,0,0.599646806716919,1.7884209593137106
0,120,20,11,0,0.599646806716919,1.7884209593137106
0,120,11,13,0,0.599646806716919,1.7884209593137106
0,120,20,14,0,0.599646806716919,1.7884209593137106
0,120,23,17,0,0.599646806716919,1.7884209593137106
0,120,11,13,0,0.599646806716919,1.7884209593137106
0,120,11,10,0,0.599646806716919,1.7884209593137106
0,120,11,17,0,0.599646806716919,1.7884209593137106
0,120,11,14,0,0.599646806716919,1.7884209593137106
0,120,11,10,0,0.599646806716919,1.7884209593137106
0,120,19,18,0,0.599646806716919,1.7884209593137106
0,120,11,14,0,0.599646806716919,1.7884209593137106
0,120,20,16,0,0.599646806716919,1.7884209593137106
0,120,20,11,0,0.599646806716919,1.7884209593137106
0,120,21,26,0,0.599646806716919,1.7884209593137106
0,120,18,14,0,0.599646806716919,1.7884209593137106
0,120,19,17,0,0.599646806716919,1.7884209593137106
0,120,18,16,0,0.599646806716919,1.7884209593137106
0,120,11,14,0,0.599646806716919,1.7884209593137106
0,120,11,10,0,0.599646806716919,1.7884209593137106
0,120,11,13,0,0.599646806716919,1.7884209593137106
0,120,19,11,0,0.599646806716919,1.7884209593137106
0,120,18,21,0,0.599646806716919,1.7884209593137106
0,120,20,14,0,0.599646806716919,1.7884209593137106
0,120,11,11,0,0.599646806716919,1.7884209593137106
0,120,23,21,0,0.599646806716919,1.7884209593137106
0,120,11,16,0,0.599646806716919,1.7884209593137106
0,120,23,22,0,0.599646806716919,1.7884209593137106
0,120,20,7,0,0.599646806716919,1.7884209593137106
0,120,11,17,0,0.599646806716919,1.7884209593137106
0,120,11,13,0,0.599646806716919,1.7884209593137106
0,120,18,22,0,0.599646806716919,1.7884209593137106
0,120,11,9,0,0.599646806716919,1.7884209593137106
0,120,20,16,0,0.599646806716919,1.7884209593137106
0,120,20,13,0,0.599646806716919,1.7884209593137106
0,120,19,17,0,0.599646806716919,1.7884209593137106
0,120,19,12,0,0.599646806716919,1.7884209593137106
0,120,11,16,0,0.599646806716919,1.7884209593137106
0,120,20,14,0,0.599646806716919,1.7884209593137106
0,120,3,0,1,0.599646806716919,1.7884209593137106
0,120,11,17,0,0.599646806716919,1.7884209593137106
0,120,11,12,0,0.599646806716919,1.7884209593137106
0,120,6,5,0,0.599646806716919,1.7884209593137106
0,120,11,17,0,0.599646806716919,1.7884209593137106
0,120,20,17,0,0.599646806716919,1.7884209593137106
0,120,11,11,0,0.599646806716919,1.7884209593137106
0,120,11,15,0,0.599646806716919,1.7884209593137106
0,120,20,16,0,0.599646806716919,1.7884209593137106
0,120,11,15,0,0.599646806716919,1.7884209593137106
0,120,11,19,0,0.599646806716919,1.7884209593137106
0,120,18,20,0,0.599646806716919,1.7884209593137106
0,120,20,10,0,0.599646806716919,1.7884209593137106
0,120,19,14,0,0.599646806716919,1.7884209593137106
0,120,11,15,0,0.599646806716919,1.7884209593137106
0,120,19,17,0,0.599646806716919,1.7884209593137106
0,120,11,13,0,0.599646806716919,1.7884209593137106
0,120,11,12,0,0.599646806716919,1.7884209593137106
0,120,11,11,0,0.599646806716919,1.7884209593137106
0,120,11,12,0,0.599646806716919,1.7884209593137106
0,120,19,17,0,0.599646806716919,1.7884209593137106
0,120,19,20,0,0.599646806716919,1.7884209593137106
0,120,11,17,0,0.599646806716919,1.7884209593137106
0,120,20,14,0,0.599646806716919,1.7884209593137106
0,120,11,10,0,0.599646806716919,1.7884209593137106
0,120,11,11,0,0.599646806716919,1.7884209593137106
0,120,11,14,0,0.599646806716919,1.7884209593137106
0,120,19,19,0,0.599646806716919,1.7884209593137106
0,120,11,8,0,0.599646806716919,1.7884209593137106
0,120,11,12,0,0.599646806716919,1.7884209593137106
0,120,18,18,0,0.599646806716919,1.7884209593137106
0,120,19,19,0,0.599646806716919,1.7884209593137106
0,120,19,10,0,0.599646806716919,1.7884209593137106
0,120,19,14,0,0.599646806716919,1.7884209593137106
0,120,5,6,0,0.599646806716919,1.7884209593137106
0,120,11,17,0,0.599646806716919,1.7884209593137106
0,120,11,13,0,0.599646806716919,1.7884209593137106
0,120,18,18,0,0.599646806716919,1.7884209593137106
0,120,11,9,0,0.599646806716919,1.7884209593137106
0,120,20,9,0,0.599646806716919,1.7884209593137106
0,120,19,19,0,0.599646806716919,1.7884209593137106
0,120,11,11,0,0.599646806716919,1.7884209593137106
0,120,19,17,0,0.599646806716919,1.7884209593137106
0,120,11,12,0,0.599646806716919,1.7884209593137106
0,120,24,24,0,0.599646806716919,1.7884209593137106
0,120,19,12,0,0.599646806716919,1.7884209593137106
0,120,19,16,0,0.599646806716919,1.7884209593137106
0,120,11,9,0,0.599646806716919,1.7884209593137106
0,120,19,14,0,0.599646806716919,1.7884209593137106
0,120,23,21,0,0.599646806716919,1.7884209593137106
0,120,19,17,0,0.599646806716919,1.7884209593137106
0,120,18,18,0,0.599646806716919,1.7884209593137106
0,120,11,12,0,0.599646806716919,1.7884209593137106
0,120,19,19,0,0.599646806716919,1.7884209593137106
0,120,11,9,0,0.599646806716919,1.7884209593137106
0,120,18,18,0,0.599646806716919,1.7884209593137106
0,120,19,15,0,0.599646806716919,1.7884209593137106
0,120,11,11,0,0.599646806716919,1.7884209593137106
0,120,11,10,0,0.599646806716919,1.7884209593137106
0,120,11,14,0,0.599646806716919,1.7884209593137106
0,120,19,14,0,0.599646806716919,1.7884209593137106
0,120,20,14,0,0.599646806716919,1.7884209593137106
0,120,11,9,0,0.599646806716919,1.7884209593137106
0,120,19,16,0,0.599646806716919,1.7884209593137106
0,120,19,14,0,0.599646806716919,1.7884209593137106
0,120,18,22,0,0.599646806716919,1.7884209593137106
0,120,11,10,0,0.599646806716919,1.7884209593137106
0,120,23,17,0,0.599646806716919,1.7884209593137106
0,120,20,14,0,0.599646806716919,1.7884209593137106
0,120,20,7,0,0.599646806716919,1.7884209593137106
0,120,11,13,0,0.599646806716919,1.7884209593137106
0,120,11,14,0,0.599646806716919,1.7884209593137106
0,120,19,11,0,0.599646806716919,1.7884209593137106
0,120,11,12,0,0.599646806716919,1.7884209593137106
0,120,11,12,0,0.599646806716919,1.7884209593137106
0,120,11,11,0,0.599646806716919,1.7884209593137106
0,120,11,15,0,0.599646806716919,1.7884209593137106
0,120,18,17,0,0.599646806716919,1.7884209593137106
0,120,19,17,0,0.599646806716919,1.7884209593137106
0,120,11,13,0,0.599646806716919,1.7884209593137106
0,120,11,12,0,0.599646806716919,1.7884209593137106
0,120,19,14,0,0.599646806716919,1.7884209593137106
0,120,11,7,0,0.599646806716919,1.7884209593137106
0,120,11,11,0,0.599646806716919,1.7884209593137106
0,120,11,9,0,0.599646806716919,1.7884209593137106
0,120,18,19,0,0.599646806716919,1.7884209593137106
0,120,20,9,0,0.599646806716919,1.7884209593137106
0,120,18,13,0,0.599646806716919,1.7884209593137106
0,120,19,15,0,0.599646806716919,1.7884209593137106
0,120,11,13,0,0.599646806716919,1.7884209593137106
0,120,11,16,0,0.599646806716919,1.7884209593137106
0,120,18,20,0,0.599646806716919,1.7884209593137106
0,120,11,12,0,0.599646806716919,1.7884209593137106
0,120,19,19,0,0.599646806716919,1.7884209593137106
0,120,11,10,0,0.599646806716919,1.7884209593137106
0,120,11,11,0,0.599646806716919,1.7884209593137106
0,120,11,12,0,0.599646806716919,1.7884209593137106
0,120,19,13,0,0.599646806716919,1.7884209593137106
0,120,18,17,0,0.599646806716919,1.7884209593137106
0,120,11,12,0,0.599646806716919,1.7884209593137106
0,120,11,13,0,0.599646806716919,1.7884209593137106
0,120,3,6,0,0.599646806716919,1.7884209593137106
0,120,20,15,0,0.599646806716919,1.7884209593137106
0,120,19,12,0,0.599646806716919,1.7884209593137106
0,120,11,7,0,0.599646806716919,1.7884209593137106
0,120,11,17,0,0.599646806716919,1.7884209593137106
0,120,11,13,0,0.599646806716919,1.7884209593137106
0,120,19,17,0,0.599646806716919,1.7884209593137106
0,120,11,12,0,0.599646806716919,1.7884209593137106
0,120,23,20,0,0.599646806716919,1.7884209593137106
0,120,11,9,0,0.599646806716919,1.7884209593137106
0,120,11,12,0,0.599646806716919,1.7884209593137106
0,120,19,15,0,0.599646806716919,1.7884209593137106
0,120,20,8,0,0.599646806716919,1.7884209593137106
0,120,20,9,0,0.599646806716919,1.7884209593137106
0,120,24,20,0,0.599646806716919,1.7884209593137106
0,120,11,13,0,0.599646806716919,1.7884209593137106
0,120,20,6,0,0.599646806716919,1.7884209593137106
0,120,19,15,0,0.599646806716919,1.7884209593137106
0,120,20,15,0,0.599646806716919,1.7884209593137106
0,120,4,2,0,0.599646806716919,1.7884209593137106
0,120,19,15,0,0.599646806716919,1.7884209593137106
0,120,18,17,0,0.599646806716919,1.7884209593137106
0,120,11,13,0,0.599646806716919,1.7884209593137106
0,120,18,17,0,0.599646806716919,1.7884209593137106
0,120,2,1,0,0.599646806716919,1.7884209593137106
0,120,19,15,0,0.599646806716919,1.7884209593137106
0,120,19,18,0,0.599646806716919,1.7884209593137106
0,120,18,14,0,0.599646806716919,1.7884209593137106
0,120,24,26,0,0.599646806716919,1.7884209593137106
0,120,19,22,0,0.599646806716919,1.7884209593137106
0,120,19,13,0,0.599646806716919,1.7884209593137106
0,120,11,8,0,0.599646806716919,1.7884209593137106
0,120,11,12,0,0.599646806716919,1.7884209593137106
0,120,19,17,0,0.599646806716919,1.7884209593137106
0,120,20,15,0,0.599646806716919,1.7884209593137106
0,120,19,17,0,0.599646806716919,1.7884209593137106
0,120,19,21,0,0.599646806716919,1.7884209593137106
0,120,23,22,0,0.599646806716919,1.7884209593137106
0,120,11,13,0,0.599646806716919,1.7884209593137106
0,120,11,15,0,0.599646806716919,1.7884209593137106
0,120,19,16,0,0.599646806716919,1.7884209593137106
0,120,20,10,0,0.599646806716919,1.7884209593137106
0,120,23,14,0,0.599646806716919,1.7884209593137106
0,120,19,15,0,0.599646806716919,1.7884209593137106
0,120,19,15,0,0.599646806716919,1.7884209593137106
0,120,11,17,0,0.599646806716919,1.7884209593137106
0,120,20,18,0,0.599646806716919,1.7884209593137106
0,120,19,12,0,0.599646806716919,1.7884209593137106
0,120,20,18,0,0.599646806716919,1.7884209593137106
0,120,11,15,0,0.599646806716919,1.7884209593137106
0,120,11,14,0,0.599646806716919,1.7884209593137106
0,120,18,18,0,0.599646806716919,1.7884209593137106
0,120,19,19,0,0.599646806716919,1.7884209593137106
0,120,11,15,0,0.599646806716919,1.7884209593137106
0,120,20,14,0,0.599646806716919,1.7884209593137106
0,120,20,10,0,0.599646806716919,1.7884209593137106
0,120,19,15,0,0.599646806716919,1.7884209593137106
0,120,18,21,0,0.599646806716919,1.7884209593137106
0,120,23,19,0,0.599646806716919,1.7884209593137106
0,120,23,22,0,0.599646806716919,1.7884209593137106
0,120,19,19,0,0.599646806716919,1.7884209593137106
0,120,20,16,0,0.599646806716919,1.7884209593137106
0,120,11,13,0,0.599646806716919,1.7884209593137106
0,120,19,15,0,0.599646806716919,1.7884209593137106
0,120,19,19,0,0.599646806716919,1.7884209593137106
0,120,33,31,0,0.599646806716919,1.7884209593137106
0,120,11,16,0,0.599646806716919,1.7884209593137106
0,120,11,10,0,0.599646806716919,1.7884209593137106
0,120,18,19,0,0.599646806716919,1.7884209593137106
0,120,11,12,0,0.599646806716919,1.7884209593137106
0,120,11,17,0,0.599646806716919,1.7884209593137106
0,120,11,12,0,0.599646806716919,1.7884209593137106
0,120,23,18,0,0.599646806716919,1.7884209593137106
0,120,11,10,0,0.599646806716919,1.7884209593137106
0,120,20,15,0,0.599646806716919,1.7884209593137106
0,120,11,12,0,0.599646806716919,1.7884209593137106
0,120,23,11,0,0.599646806716919,1.7884209593137106
0,120,23,22,0,0.599646806716919,1.7884209593137106
0,120,5,7,0,0.599646806716919,1.7884209593137106
0,120,18,21,0,0.599646806716919,1.7884209593137106
0,120,19,19,0,0.599646806716919,1.7884209593137106
0,120,19,18,0,0.599646806716919,1.7884209593137106
0,120,11,9,0,0.599646806716919,1.7884209593137106
0,120,19,19,0,0.599646806716919,1.7884209593137106
0,120,18,18,0,0.599646806716919,1.7884209593137106
0,120,20,15,0,0.599646806716919,1.7884209593137106
0,120,19,13,0,0.599646806716919,1.7884209593137106
0,120,19,18,0,0.599646806716919,1.7884209593137106
0,120,19,16,0,0.599646806716919,1.7884209593137106
0,120,19,15,0,0.599646806716919,1.7884209593137106
0,120,11,10,0,0.599646806716919,1.7884209593137106
0,120,19,18,0,0.599646806716919,1.7884209593137106
0,120,20,15,0,0.599646806716919,1.7884209593137106
Total attack time: 422.0907521247864
1,100,19,0,8,0.635075569152832,1.4686625242233275
0,100,11,13,0,0.635075569152832,1.4686625242233275
0,100,22,18,0,0.635075569152832,1.4686625242233275
0,100,11,9,0,0.635075569152832,1.4686625242233275
0,100,22,19,0,0.635075569152832,1.4686625242233275
0,100,6,9,0,0.635075569152832,1.4686625242233275
0,100,6,9,0,0.635075569152832,1.4686625242233275
0,100,15,14,0,0.635075569152832,1.4686625242233275
0,100,11,6,0,0.635075569152832,1.4686625242233275
0,100,15,10,0,0.635075569152832,1.4686625242233275
0,100,15,11,0,0.635075569152832,1.4686625242233275
0,100,15,12,0,0.635075569152832,1.4686625242233275
0,100,15,10,0,0.635075569152832,1.4686625242233275
0,100,18,20,0,0.635075569152832,1.4686625242233275
0,100,11,11,0,0.635075569152832,1.4686625242233275
0,100,15,12,0,0.635075569152832,1.4686625242233275
0,100,3,6,0,0.635075569152832,1.4686625242233275
0,100,11,8,0,0.635075569152832,1.4686625242233275
0,100,18,20,0,0.635075569152832,1.4686625242233275
0,100,6,7,0,0.635075569152832,1.4686625242233275
0,100,11,14,0,0.635075569152832,1.4686625242233275
0,100,11,8,0,0.635075569152832,1.4686625242233275
0,100,23,20,0,0.635075569152832,1.4686625242233275
0,100,23,21,0,0.635075569152832,1.4686625242233275
0,100,6,8,0,0.635075569152832,1.4686625242233275
0,100,6,8,0,0.635075569152832,1.4686625242233275
0,100,11,6,0,0.635075569152832,1.4686625242233275
0,100,11,14,0,0.635075569152832,1.4686625242233275
0,100,6,8,0,0.635075569152832,1.4686625242233275
0,100,6,4,0,0.635075569152832,1.4686625242233275
0,100,6,7,0,0.635075569152832,1.4686625242233275
0,100,11,15,0,0.635075569152832,1.4686625242233275
0,100,5,5,0,0.635075569152832,1.4686625242233275
0,100,6,8,0,0.635075569152832,1.4686625242233275
0,100,18,16,0,0.635075569152832,1.4686625242233275
0,100,15,10,0,0.635075569152832,1.4686625242233275
0,100,23,20,0,0.635075569152832,1.4686625242233275
0,100,7,9,0,0.635075569152832,1.4686625242233275
0,100,18,21,0,0.635075569152832,1.4686625242233275
0,100,11,8,0,0.635075569152832,1.4686625242233275
0,100,15,11,0,0.635075569152832,1.4686625242233275
0,100,11,2,0,0.635075569152832,1.4686625242233275
0,100,18,13,0,0.635075569152832,1.4686625242233275
0,100,15,10,0,0.635075569152832,1.4686625242233275
0,100,15,13,0,0.635075569152832,1.4686625242233275
0,100,11,9,0,0.635075569152832,1.4686625242233275
0,100,6,11,0,0.635075569152832,1.4686625242233275
0,100,15,10,0,0.635075569152832,1.4686625242233275
0,100,6,11,0,0.635075569152832,1.4686625242233275
0,100,18,19,0,0.635075569152832,1.4686625242233275
0,100,6,5,0,0.635075569152832,1.4686625242233275
0,100,11,16,0,0.635075569152832,1.4686625242233275
0,100,15,13,0,0.635075569152832,1.4686625242233275
0,100,15,15,0,0.635075569152832,1.4686625242233275
0,100,6,8,0,0.635075569152832,1.4686625242233275
0,100,11,8,0,0.635075569152832,1.4686625242233275
0,100,18,11,0,0.635075569152832,1.4686625242233275
0,100,22,22,0,0.635075569152832,1.4686625242233275
0,100,11,7,0,0.635075569152832,1.4686625242233275
0,100,11,12,0,0.635075569152832,1.4686625242233275
0,100,6,5,0,0.635075569152832,1.4686625242233275
0,100,6,7,0,0.635075569152832,1.4686625242233275
0,100,15,12,0,0.635075569152832,1.4686625242233275
0,100,6,7,0,0.635075569152832,1.4686625242233275
0,100,23,18,0,0.635075569152832,1.4686625242233275
0,100,11,8,0,0.635075569152832,1.4686625242233275
0,100,11,13,0,0.635075569152832,1.4686625242233275
0,100,6,6,0,0.635075569152832,1.4686625242233275
0,100,11,13,0,0.635075569152832,1.4686625242233275
0,100,11,7,0,0.635075569152832,1.4686625242233275
0,100,6,5,0,0.635075569152832,1.4686625242233275
0,100,6,9,0,0.635075569152832,1.4686625242233275
0,100,11,10,0,0.635075569152832,1.4686625242233275
0,100,18,19,0,0.635075569152832,1.4686625242233275
0,100,11,11,0,0.635075569152832,1.4686625242233275
0,100,15,8,0,0.635075569152832,1.4686625242233275
0,100,6,9,0,0.635075569152832,1.4686625242233275
0,100,18,15,0,0.635075569152832,1.4686625242233275
0,100,6,9,0,0.635075569152832,1.4686625242233275
0,100,11,8,0,0.635075569152832,1.4686625242233275
0,100,15,15,0,0.635075569152832,1.4686625242233275
0,100,6,7,0,0.635075569152832,1.4686625242233275
0,100,11,10,0,0.635075569152832,1.4686625242233275
0,100,18,18,0,0.635075569152832,1.4686625242233275
0,100,6,6,0,0.635075569152832,1.4686625242233275
0,100,11,12,0,0.635075569152832,1.4686625242233275
0,100,15,14,0,0.635075569152832,1.4686625242233275
0,100,23,19,0,0.635075569152832,1.4686625242233275
0,100,6,7,0,0.635075569152832,1.4686625242233275
0,100,11,9,0,0.635075569152832,1.4686625242233275
0,100,15,10,0,0.635075569152832,1.4686625242233275
0,100,11,9,0,0.635075569152832,1.4686625242233275
0,100,11,7,0,0.635075569152832,1.4686625242233275
0,100,15,16,0,0.635075569152832,1.4686625242233275
0,100,15,10,0,0.635075569152832,1.4686625242233275
0,100,6,7,0,0.635075569152832,1.4686625242233275
0,100,6,8,0,0.635075569152832,1.4686625242233275
0,100,11,6,0,0.635075569152832,1.4686625242233275
0,100,15,8,0,0.635075569152832,1.4686625242233275
0,100,11,12,0,0.635075569152832,1.4686625242233275
0,100,11,10,0,0.635075569152832,1.4686625242233275
0,100,11,11,0,0.635075569152832,1.4686625242233275
0,100,6,6,0,0.635075569152832,1.4686625242233275
0,100,6,7,0,0.635075569152832,1.4686625242233275
0,100,6,6,0,0.635075569152832,1.4686625242233275
0,100,11,10,0,0.635075569152832,1.4686625242233275
0,100,15,13,0,0.635075569152832,1.4686625242233275
0,100,6,9,0,0.635075569152832,1.4686625242233275
0,100,6,7,0,0.635075569152832,1.4686625242233275
0,100,6,7,0,0.635075569152832,1.4686625242233275
0,100,6,10,0,0.635075569152832,1.4686625242233275
0,100,11,9,0,0.635075569152832,1.4686625242233275
0,100,6,8,0,0.635075569152832,1.4686625242233275
0,100,15,13,0,0.635075569152832,1.4686625242233275
0,100,11,11,0,0.635075569152832,1.4686625242233275
0,100,18,15,0,0.635075569152832,1.4686625242233275
0,100,6,7,0,0.635075569152832,1.4686625242233275
0,100,11,4,0,0.635075569152832,1.4686625242233275
0,100,11,8,0,0.635075569152832,1.4686625242233275
0,100,18,17,0,0.635075569152832,1.4686625242233275
0,100,6,9,0,0.635075569152832,1.4686625242233275
0,100,11,12,0,0.635075569152832,1.4686625242233275
0,100,18,18,0,0.635075569152832,1.4686625242233275
0,100,15,11,0,0.635075569152832,1.4686625242233275
0,100,6,8,0,0.635075569152832,1.4686625242233275
0,100,6,8,0,0.635075569152832,1.4686625242233275
0,100,18,16,0,0.635075569152832,1.4686625242233275
0,100,6,6,0,0.635075569152832,1.4686625242233275
0,100,15,14,0,0.635075569152832,1.4686625242233275
0,100,6,6,0,0.635075569152832,1.4686625242233275
0,100,15,13,0,0.635075569152832,1.4686625242233275
0,100,11,12,0,0.635075569152832,1.4686625242233275
0,100,6,6,0,0.635075569152832,1.4686625242233275
0,100,6,5,0,0.635075569152832,1.4686625242233275
0,100,6,5,0,0.635075569152832,1.4686625242233275
0,100,6,6,0,0.635075569152832,1.4686625242233275
0,100,6,4,0,0.635075569152832,1.4686625242233275
0,100,11,8,0,0.635075569152832,1.4686625242233275
0,100,6,10,0,0.635075569152832,1.4686625242233275
0,100,15,14,0,0.635075569152832,1.4686625242233275
0,100,15,12,0,0.635075569152832,1.4686625242233275
0,100,28,20,0,0.635075569152832,1.4686625242233275
0,100,18,18,0,0.635075569152832,1.4686625242233275
0,100,11,8,0,0.635075569152832,1.4686625242233275
0,100,18,25,0,0.635075569152832,1.4686625242233275
0,100,6,2,0,0.635075569152832,1.4686625242233275
0,100,6,7,0,0.635075569152832,1.4686625242233275
0,100,6,8,0,0.635075569152832,1.4686625242233275
0,100,11,4,0,0.635075569152832,1.4686625242233275
0,100,18,20,0,0.635075569152832,1.4686625242233275
0,100,15,13,0,0.635075569152832,1.4686625242233275
0,100,6,9,0,0.635075569152832,1.4686625242233275
0,100,11,14,0,0.635075569152832,1.4686625242233275
0,100,6,9,0,0.635075569152832,1.4686625242233275
0,100,11,19,0,0.635075569152832,1.4686625242233275
0,100,15,9,0,0.635075569152832,1.4686625242233275
0,100,6,6,0,0.635075569152832,1.4686625242233275
0,100,6,7,0,0.635075569152832,1.4686625242233275
0,100,18,18,0,0.635075569152832,1.4686625242233275
0,100,6,9,0,0.635075569152832,1.4686625242233275
0,100,15,14,0,0.635075569152832,1.4686625242233275
0,100,15,13,0,0.635075569152832,1.4686625242233275
0,100,11,11,0,0.635075569152832,1.4686625242233275
0,100,11,5,0,0.635075569152832,1.4686625242233275
0,100,6,7,0,0.635075569152832,1.4686625242233275
0,100,15,10,0,0.635075569152832,1.4686625242233275
0,100,5,4,0,0.635075569152832,1.4686625242233275
0,100,6,6,0,0.635075569152832,1.4686625242233275
0,100,6,5,0,0.635075569152832,1.4686625242233275
0,100,11,4,0,0.635075569152832,1.4686625242233275
0,100,6,10,0,0.635075569152832,1.4686625242233275
0,100,15,12,0,0.635075569152832,1.4686625242233275
0,100,6,4,0,0.635075569152832,1.4686625242233275
0,100,6,10,0,0.635075569152832,1.4686625242233275
0,100,15,11,0,0.635075569152832,1.4686625242233275
0,100,6,8,0,0.635075569152832,1.4686625242233275
0,100,6,7,0,0.635075569152832,1.4686625242233275
0,100,18,21,0,0.635075569152832,1.4686625242233275
0,100,15,13,0,0.635075569152832,1.4686625242233275
0,100,11,11,0,0.635075569152832,1.4686625242233275
0,100,6,8,0,0.635075569152832,1.4686625242233275
0,100,11,12,0,0.635075569152832,1.4686625242233275
0,100,6,10,0,0.635075569152832,1.4686625242233275
0,100,6,8,0,0.635075569152832,1.4686625242233275
0,100,6,9,0,0.635075569152832,1.4686625242233275
0,100,6,6,0,0.635075569152832,1.4686625242233275
0,100,11,1,0,0.635075569152832,1.4686625242233275
0,100,11,7,0,0.635075569152832,1.4686625242233275
0,100,6,12,0,0.635075569152832,1.4686625242233275
0,100,15,14,0,0.635075569152832,1.4686625242233275
0,100,6,7,0,0.635075569152832,1.4686625242233275
0,100,6,9,0,0.635075569152832,1.4686625242233275
0,100,6,6,0,0.635075569152832,1.4686625242233275
0,100,11,12,0,0.635075569152832,1.4686625242233275
0,100,6,7,0,0.635075569152832,1.4686625242233275
0,100,6,13,0,0.635075569152832,1.4686625242233275
0,100,18,15,0,0.635075569152832,1.4686625242233275
0,100,11,14,0,0.635075569152832,1.4686625242233275
0,100,11,8,0,0.635075569152832,1.4686625242233275
0,100,11,12,0,0.635075569152832,1.4686625242233275
1,100,17,0,2,0.5661203861236572,1.5141540217399596
0,100,15,4,0,0.5661203861236572,1.5141540217399596
0,100,11,6,0,0.5661203861236572,1.5141540217399596
0,100,11,13,0,0.5661203861236572,1.5141540217399596
0,100,11,12,0,0.5661203861236572,1.5141540217399596
0,100,15,12,0,0.5661203861236572,1.5141540217399596
0,100,17,15,0,0.5661203861236572,1.5141540217399596
0,100,11,10,0,0.5661203861236572,1.5141540217399596
0,100,11,7,0,0.5661203861236572,1.5141540217399596
0,100,11,11,0,0.5661203861236572,1.5141540217399596
0,100,11,12,0,0.5661203861236572,1.5141540217399596
0,100,15,19,0,0.5661203861236572,1.5141540217399596
0,100,11,13,0,0.5661203861236572,1.5141540217399596
0,100,17,12,0,0.5661203861236572,1.5141540217399596
0,100,15,15,0,0.5661203861236572,1.5141540217399596
0,100,18,18,0,0.5661203861236572,1.5141540217399596
0,100,11,12,0,0.5661203861236572,1.5141540217399596
0,100,15,17,0,0.5661203861236572,1.5141540217399596
0,100,15,13,0,0.5661203861236572,1.5141540217399596
0,100,18,21,0,0.5661203861236572,1.5141540217399596
0,100,11,8,0,0.5661203861236572,1.5141540217399596
0,100,15,13,0,0.5661203861236572,1.5141540217399596
0,100,18,19,0,0.5661203861236572,1.5141540217399596
0,100,17,15,0,0.5661203861236572,1.5141540217399596
0,100,11,10,0,0.5661203861236572,1.5141540217399596
0,100,11,11,0,0.5661203861236572,1.5141540217399596
0,100,18,17,0,0.5661203861236572,1.5141540217399596
0,100,11,13,0,0.5661203861236572,1.5141540217399596
0,100,17,12,0,0.5661203861236572,1.5141540217399596
0,100,11,11,0,0.5661203861236572,1.5141540217399596
0,100,17,13,0,0.5661203861236572,1.5141540217399596
0,100,22,23,0,0.5661203861236572,1.5141540217399596
0,100,11,11,0,0.5661203861236572,1.5141540217399596
0,100,11,10,0,0.5661203861236572,1.5141540217399596
0,100,11,8,0,0.5661203861236572,1.5141540217399596
0,100,11,9,0,0.5661203861236572,1.5141540217399596
0,100,11,11,0,0.5661203861236572,1.5141540217399596
0,100,15,15,0,0.5661203861236572,1.5141540217399596
0,100,11,11,0,0.5661203861236572,1.5141540217399596
0,100,17,15,0,0.5661203861236572,1.5141540217399596
0,100,17,12,0,0.5661203861236572,1.5141540217399596
0,100,25,22,0,0.5661203861236572,1.5141540217399596
0,100,18,13,0,0.5661203861236572,1.5141540217399596
0,100,15,13,0,0.5661203861236572,1.5141540217399596
0,100,18,19,0,0.5661203861236572,1.5141540217399596
0,100,11,8,0,0.5661203861236572,1.5141540217399596
0,100,11,7,0,0.5661203861236572,1.5141540217399596
0,100,11,7,0,0.5661203861236572,1.5141540217399596
0,100,15,14,0,0.5661203861236572,1.5141540217399596
0,100,18,18,0,0.5661203861236572,1.5141540217399596
0,100,17,14,0,0.5661203861236572,1.5141540217399596
0,100,11,9,0,0.5661203861236572,1.5141540217399596
0,100,22,21,0,0.5661203861236572,1.5141540217399596
0,100,11,8,0,0.5661203861236572,1.5141540217399596
0,100,22,22,0,0.5661203861236572,1.5141540217399596
0,100,17,14,0,0.5661203861236572,1.5141540217399596
0,100,11,7,0,0.5661203861236572,1.5141540217399596
0,100,11,7,0,0.5661203861236572,1.5141540217399596
0,100,18,19,0,0.5661203861236572,1.5141540217399596
0,100,11,8,0,0.5661203861236572,1.5141540217399596
0,100,17,13,0,0.5661203861236572,1.5141540217399596
0,100,17,10,0,0.5661203861236572,1.5141540217399596
0,100,15,14,0,0.5661203861236572,1.5141540217399596
0,100,15,14,0,0.5661203861236572,1.5141540217399596
0,100,11,8,0,0.5661203861236572,1.5141540217399596
0,100,17,10,0,0.5661203861236572,1.5141540217399596
0,100,0,2,2,0.5661203861236572,1.5141540217399596
0,100,11,8,0,0.5661203861236572,1.5141540217399596
0,100,11,11,0,0.5661203861236572,1.5141540217399596
0,100,8,5,0,0.5661203861236572,1.5141540217399596
0,100,11,7,0,0.5661203861236572,1.5141540217399596
0,100,17,13,0,0.5661203861236572,1.5141540217399596
0,100,11,7,0,0.5661203861236572,1.5141540217399596
0,100,11,10,0,0.5661203861236572,1.5141540217399596
0,100,17,9,0,0.5661203861236572,1.5141540217399596
0,100,11,5,0,0.5661203861236572,1.5141540217399596
0,100,11,10,0,0.5661203861236572,1.5141540217399596
0,100,18,17,0,0.5661203861236572,1.5141540217399596
0,100,17,14,0,0.5661203861236572,1.5141540217399596
0,100,15,14,0,0.5661203861236572,1.5141540217399596
0,100,11,10,0,0.5661203861236572,1.5141540217399596
0,100,15,17,0,0.5661203861236572,1.5141540217399596
0,100,11,12,0,0.5661203861236572,1.5141540217399596
0,100,11,9,0,0.5661203861236572,1.5141540217399596
0,100,11,8,0,0.5661203861236572,1.5141540217399596
0,100,11,10,0,0.5661203861236572,1.5141540217399596
0,100,15,13,0,0.5661203861236572,1.5141540217399596
0,100,15,16,0,0.5661203861236572,1.5141540217399596
0,100,11,9,0,0.5661203861236572,1.5141540217399596
0,100,17,14,0,0.5661203861236572,1.5141540217399596
0,100,11,11,0,0.5661203861236572,1.5141540217399596
0,100,11,12,0,0.5661203861236572,1.5141540217399596
0,100,11,6,0,0.5661203861236572,1.5141540217399596
0,100,15,16,0,0.5661203861236572,1.5141540217399596
0,100,11,6,0,0.5661203861236572,1.5141540217399596
0,100,11,14,0,0.5661203861236572,1.5141540217399596
0,100,18,24,0,0.5661203861236572,1.5141540217399596
0,100,15,14,0,0.5661203861236572,1.5141540217399596
0,100,15,16,0,0.5661203861236572,1.5141540217399596
0,100,15,12,0,0.5661203861236572,1.5141540217399596
0,100,5,7,0,0.5661203861236572,1.5141540217399596
0,100,11,10,0,0.5661203861236572,1.5141540217399596
0,100,11,7,0,0.5661203861236572,1.5141540217399596
0,100,18,21,0,0.5661203861236572,1.5141540217399596
0,100,11,6,0,0.5661203861236572,1.5141540217399596
0,100,17,13,0,0.5661203861236572,1.5141540217399596
0,100,15,10,0,0.5661203861236572,1.5141540217399596
0,100,11,9,0,0.5661203861236572,1.5141540217399596
0,100,15,13,0,0.5661203861236572,1.5141540217399596
0,100,11,9,0,0.5661203861236572,1.5141540217399596
0,100,19,20,0,0.5661203861236572,1.5141540217399596
0,100,15,10,0,0.5661203861236572,1.5141540217399596
0,100,15,13,0,0.5661203861236572,1.5141540217399596
0,100,11,9,0,0.5661203861236572,1.5141540217399596
0,100,15,13,0,0.5661203861236572,1.5141540217399596
0,100,22,20,0,0.5661203861236572,1.5141540217399596
0,100,15,11,0,0.5661203861236572,1.5141540217399596
0,100,18,20,0,0.5661203861236572,1.5141540217399596
0,100,11,6,0,0.5661203861236572,1.5141540217399596
0,100,15,13,0,0.5661203861236572,1.5141540217399596
0,100,11,8,0,0.5661203861236572,1.5141540217399596
0,100,18,16,0,0.5661203861236572,1.5141540217399596
0,100,15,9,0,0.5661203861236572,1.5141540217399596
0,100,11,9,0,0.5661203861236572,1.5141540217399596
0,100,11,6,0,0.5661203861236572,1.5141540217399596
0,100,11,7,0,0.5661203861236572,1.5141540217399596
0,100,15,12,0,0.5661203861236572,1.5141540217399596
0,100,17,9,0,0.5661203861236572,1.5141540217399596
0,100,11,10,0,0.5661203861236572,1.5141540217399596
0,100,15,13,0,0.5661203861236572,1.5141540217399596
0,100,15,14,0,0.5661203861236572,1.5141540217399596
0,100,18,19,0,0.5661203861236572,1.5141540217399596
0,100,11,7,0,0.5661203861236572,1.5141540217399596
0,100,22,18,0,0.5661203861236572,1.5141540217399596
0,100,17,8,0,0.5661203861236572,1.5141540217399596
0,100,17,14,0,0.5661203861236572,1.5141540217399596
0,100,11,5,0,0.5661203861236572,1.5141540217399596
0,100,11,10,0,0.5661203861236572,1.5141540217399596
0,100,15,11,0,0.5661203861236572,1.5141540217399596
0,100,11,11,0,0.5661203861236572,1.5141540217399596
0,100,11,9,0,0.5661203861236572,1.5141540217399596
0,100,11,6,0,0.5661203861236572,1.5141540217399596
0,100,11,9,0,0.5661203861236572,1.5141540217399596
0,100,18,16,0,0.5661203861236572,1.5141540217399596
0,100,15,15,0,0.5661203861236572,1.5141540217399596
0,100,11,7,0,0.5661203861236572,1.5141540217399596
0,100,11,11,0,0.5661203861236572,1.5141540217399596
0,100,15,12,0,0.5661203861236572,1.5141540217399596
0,100,11,8,0,0.5661203861236572,1.5141540217399596
0,100,11,10,0,0.5661203861236572,1.5141540217399596
0,100,11,8,0,0.5661203861236572,1.5141540217399596
0,100,18,18,0,0.5661203861236572,1.5141540217399596
0,100,17,10,0,0.5661203861236572,1.5141540217399596
0,100,18,19,0,0.5661203861236572,1.5141540217399596
0,100,15,11,0,0.5661203861236572,1.5141540217399596
0,100,11,9,0,0.5661203861236572,1.5141540217399596
0,100,11,11,0,0.5661203861236572,1.5141540217399596
0,100,18,20,0,0.5661203861236572,1.5141540217399596
0,100,11,7,0,0.5661203861236572,1.5141540217399596
0,100,15,10,0,0.5661203861236572,1.5141540217399596
0,100,11,8,0,0.5661203861236572,1.5141540217399596
0,100,11,5,0,0.5661203861236572,1.5141540217399596
0,100,11,7,0,0.5661203861236572,1.5141540217399596
0,100,15,15,0,0.5661203861236572,1.5141540217399596
0,100,18,20,0,0.5661203861236572,1.5141540217399596
0,100,11,9,0,0.5661203861236572,1.5141540217399596
0,100,11,9,0,0.5661203861236572,1.5141540217399596
0,100,10,11,0,0.5661203861236572,1.5141540217399596
0,100,17,8,0,0.5661203861236572,1.5141540217399596
0,100,15,12,0,0.5661203861236572,1.5141540217399596
0,100,11,5,0,0.5661203861236572,1.5141540217399596
0,100,11,9,0,0.5661203861236572,1.5141540217399596
0,100,11,7,0,0.5661203861236572,1.5141540217399596
0,100,15,12,0,0.5661203861236572,1.5141540217399596
0,100,11,7,0,0.5661203861236572,1.5141540217399596
0,100,22,21,0,0.5661203861236572,1.5141540217399596
0,100,11,8,0,0.5661203861236572,1.5141540217399596
0,100,11,11,0,0.5661203861236572,1.5141540217399596
0,100,15,7,0,0.5661203861236572,1.5141540217399596
0,100,17,10,0,0.5661203861236572,1.5141540217399596
0,100,17,14,0,0.5661203861236572,1.5141540217399596
0,100,24,23,0,0.5661203861236572,1.5141540217399596
0,100,11,7,0,0.5661203861236572,1.5141540217399596
0,100,17,6,0,0.5661203861236572,1.5141540217399596
0,100,15,15,0,0.5661203861236572,1.5141540217399596
0,100,17,13,0,0.5661203861236572,1.5141540217399596
0,100,0,4,3,0.5661203861236572,1.5141540217399596
0,100,15,14,0,0.5661203861236572,1.5141540217399596
0,100,18,14,0,0.5661203861236572,1.5141540217399596
0,100,11,8,0,0.5661203861236572,1.5141540217399596
0,100,18,20,0,0.5661203861236572,1.5141540217399596
0,100,2,0,4,0.5661203861236572,1.5141540217399596
0,100,15,14,0,0.5661203861236572,1.5141540217399596
0,100,15,14,0,0.5661203861236572,1.5141540217399596
0,100,18,14,0,0.5661203861236572,1.5141540217399596
0,100,19,16,0,0.5661203861236572,1.5141540217399596
0,100,15,11,0,0.5661203861236572,1.5141540217399596
0,100,15,13,0,0.5661203861236572,1.5141540217399596
0,100,11,8,0,0.5661203861236572,1.5141540217399596
0,100,11,5,0,0.5661203861236572,1.5141540217399596
Total attack time: 303.79449677467346
0,80,17,9,0,0.5666089057922363,3.5025651663541795
0,80,16,23,0,0.5666089057922363,3.5025651663541795
0,80,17,18,0,0.5666089057922363,3.5025651663541795
0,80,17,16,0,0.5666089057922363,3.5025651663541795
0,80,17,21,0,0.5666089057922363,3.5025651663541795
0,80,15,17,0,0.5666089057922363,3.5025651663541795
0,80,15,17,0,0.5666089057922363,3.5025651663541795
0,80,13,16,0,0.5666089057922363,3.5025651663541795
0,80,17,13,0,0.5666089057922363,3.5025651663541795
0,80,13,15,0,0.5666089057922363,3.5025651663541795
0,80,13,14,0,0.5666089057922363,3.5025651663541795
0,80,13,14,0,0.5666089057922363,3.5025651663541795
0,80,13,17,0,0.5666089057922363,3.5025651663541795
0,80,14,10,0,0.5666089057922363,3.5025651663541795
0,80,17,15,0,0.5666089057922363,3.5025651663541795
0,80,13,13,0,0.5666089057922363,3.5025651663541795
0,80,9,8,0,0.5666089057922363,3.5025651663541795
0,80,17,14,0,0.5666089057922363,3.5025651663541795
0,80,14,12,0,0.5666089057922363,3.5025651663541795
0,80,15,14,0,0.5666089057922363,3.5025651663541795
0,80,16,22,0,0.5666089057922363,3.5025651663541795
0,80,17,16,0,0.5666089057922363,3.5025651663541795
0,80,21,20,0,0.5666089057922363,3.5025651663541795
0,80,21,19,0,0.5666089057922363,3.5025651663541795
0,80,15,17,0,0.5666089057922363,3.5025651663541795
0,80,15,18,0,0.5666089057922363,3.5025651663541795
0,80,17,17,0,0.5666089057922363,3.5025651663541795
0,80,17,16,0,0.5666089057922363,3.5025651663541795
0,80,15,16,0,0.5666089057922363,3.5025651663541795
0,80,15,16,0,0.5666089057922363,3.5025651663541795
0,80,15,20,0,0.5666089057922363,3.5025651663541795
0,80,16,19,0,0.5666089057922363,3.5025651663541795
0,80,3,3,0,0.5666089057922363,3.5025651663541795
0,80,15,17,0,0.5666089057922363,3.5025651663541795
0,80,14,10,0,0.5666089057922363,3.5025651663541795
0,80,13,16,0,0.5666089057922363,3.5025651663541795
0,80,21,18,0,0.5666089057922363,3.5025651663541795
0,80,11,10,0,0.5666089057922363,3.5025651663541795
0,80,14,14,0,0.5666089057922363,3.5025651663541795
0,80,17,14,0,0.5666089057922363,3.5025651663541795
0,80,13,11,0,0.5666089057922363,3.5025651663541795
0,80,17,17,0,0.5666089057922363,3.5025651663541795
0,80,14,16,0,0.5666089057922363,3.5025651663541795
0,80,13,16,0,0.5666089057922363,3.5025651663541795
0,80,13,17,0,0.5666089057922363,3.5025651663541795
0,80,10,4,0,0.5666089057922363,3.5025651663541795
0,80,15,13,0,0.5666089057922363,3.5025651663541795
0,80,13,16,0,0.5666089057922363,3.5025651663541795
0,80,15,19,0,0.5666089057922363,3.5025651663541795
0,80,14,10,0,0.5666089057922363,3.5025651663541795
0,80,15,20,0,0.5666089057922363,3.5025651663541795
0,80,16,22,0,0.5666089057922363,3.5025651663541795
0,80,13,21,0,0.5666089057922363,3.5025651663541795
0,80,13,19,0,0.5666089057922363,3.5025651663541795
0,80,15,18,0,0.5666089057922363,3.5025651663541795
0,80,17,15,0,0.5666089057922363,3.5025651663541795
0,80,14,17,0,0.5666089057922363,3.5025651663541795
0,80,17,21,0,0.5666089057922363,3.5025651663541795
0,80,17,20,0,0.5666089057922363,3.5025651663541795
0,80,17,20,0,0.5666089057922363,3.5025651663541795
0,80,15,15,0,0.5666089057922363,3.5025651663541795
0,80,15,23,0,0.5666089057922363,3.5025651663541795
0,80,13,15,0,0.5666089057922363,3.5025651663541795
0,80,15,14,0,0.5666089057922363,3.5025651663541795
0,80,21,19,0,0.5666089057922363,3.5025651663541795
0,80,16,13,0,0.5666089057922363,3.5025651663541795
0,80,17,14,0,0.5666089057922363,3.5025651663541795
0,80,15,19,0,0.5666089057922363,3.5025651663541795
0,80,17,15,0,0.5666089057922363,3.5025651663541795
0,80,17,10,0,0.5666089057922363,3.5025651663541795
0,80,15,19,0,0.5666089057922363,3.5025651663541795
0,80,15,19,0,0.5666089057922363,3.5025651663541795
0,80,17,14,0,0.5666089057922363,3.5025651663541795
0,80,14,14,0,0.5666089057922363,3.5025651663541795
0,80,17,18,0,0.5666089057922363,3.5025651663541795
0,80,13,14,0,0.5666089057922363,3.5025651663541795
0,80,15,20,0,0.5666089057922363,3.5025651663541795
0,80,14,12,0,0.5666089057922363,3.5025651663541795
0,80,15,20,0,0.5666089057922363,3.5025651663541795
0,80,17,15,0,0.5666089057922363,3.5025651663541795
0,80,13,19,0,0.5666089057922363,3.5025651663541795
0,80,15,18,0,0.5666089057922363,3.5025651663541795
0,80,17,19,0,0.5666089057922363,3.5025651663541795
0,80,14,19,0,0.5666089057922363,3.5025651663541795
0,80,15,17,0,0.5666089057922363,3.5025651663541795
0,80,17,17,0,0.5666089057922363,3.5025651663541795
0,80,13,17,0,0.5666089057922363,3.5025651663541795
0,80,21,22,0,0.5666089057922363,3.5025651663541795
0,80,15,21,0,0.5666089057922363,3.5025651663541795
0,80,17,16,0,0.5666089057922363,3.5025651663541795
0,80,13,17,0,0.5666089057922363,3.5025651663541795
0,80,17,12,0,0.5666089057922363,3.5025651663541795
0,80,17,15,0,0.5666089057922363,3.5025651663541795
0,80,13,16,0,0.5666089057922363,3.5025651663541795
0,80,13,17,0,0.5666089057922363,3.5025651663541795
0,80,15,14,0,0.5666089057922363,3.5025651663541795
0,80,15,18,0,0.5666089057922363,3.5025651663541795
0,80,17,13,0,0.5666089057922363,3.5025651663541795
0,80,13,17,0,0.5666089057922363,3.5025651663541795
0,80,17,15,0,0.5666089057922363,3.5025651663541795
0,80,17,14,0,0.5666089057922363,3.5025651663541795
0,80,17,14,0,0.5666089057922363,3.5025651663541795
0,80,15,18,0,0.5666089057922363,3.5025651663541795
0,80,15,17,0,0.5666089057922363,3.5025651663541795
0,80,15,20,0,0.5666089057922363,3.5025651663541795
0,80,17,14,0,0.5666089057922363,3.5025651663541795
0,80,13,19,0,0.5666089057922363,3.5025651663541795
0,80,15,19,0,0.5666089057922363,3.5025651663541795
0,80,15,15,0,0.5666089057922363,3.5025651663541795
0,80,15,16,0,0.5666089057922363,3.5025651663541795
0,80,15,17,0,0.5666089057922363,3.5025651663541795
0,80,17,18,0,0.5666089057922363,3.5025651663541795
0,80,15,16,0,0.5666089057922363,3.5025651663541795
0,80,13,19,0,0.5666089057922363,3.5025651663541795
0,80,17,18,0,0.5666089057922363,3.5025651663541795
0,80,14,17,0,0.5666089057922363,3.5025651663541795
0,80,15,16,0,0.5666089057922363,3.5025651663541795
0,80,17,16,0,0.5666089057922363,3.5025651663541795
0,80,17,16,0,0.5666089057922363,3.5025651663541795
0,80,14,15,0,0.5666089057922363,3.5025651663541795
0,80,15,20,0,0.5666089057922363,3.5025651663541795
0,80,17,17,0,0.5666089057922363,3.5025651663541795
0,80,14,14,0,0.5666089057922363,3.5025651663541795
0,80,13,16,0,0.5666089057922363,3.5025651663541795
0,80,15,16,0,0.5666089057922363,3.5025651663541795
0,80,15,18,0,0.5666089057922363,3.5025651663541795
0,80,14,13,0,0.5666089057922363,3.5025651663541795
0,80,15,14,0,0.5666089057922363,3.5025651663541795
0,80,13,15,0,0.5666089057922363,3.5025651663541795
0,80,15,15,0,0.5666089057922363,3.5025651663541795
0,80,13,14,0,0.5666089057922363,3.5025651663541795
0,80,16,21,0,0.5666089057922363,3.5025651663541795
0,80,15,17,0,0.5666089057922363,3.5025651663541795
0,80,15,18,0,0.5666089057922363,3.5025651663541795
0,80,15,17,0,0.5666089057922363,3.5025651663541795
0,80,15,17,0,0.5666089057922363,3.5025651663541795
0,80,15,21,0,0.5666089057922363,3.5025651663541795
0,80,17,15,0,0.5666089057922363,3.5025651663541795
0,80,15,18,0,0.5666089057922363,3.5025651663541795
0,80,13,19,0,0.5666089057922363,3.5025651663541795
0,80,13,11,0,0.5666089057922363,3.5025651663541795
0,80,24,25,0,0.5666089057922363,3.5025651663541795
0,80,14,17,0,0.5666089057922363,3.5025651663541795
0,80,17,17,0,0.5666089057922363,3.5025651663541795
0,80,14,14,0,0.5666089057922363,3.5025651663541795
0,80,15,15,0,0.5666089057922363,3.5025651663541795
0,80,15,18,0,0.5666089057922363,3.5025651663541795
0,80,15,19,0,0.5666089057922363,3.5025651663541795
0,80,17,16,0,0.5666089057922363,3.5025651663541795
0,80,14,18,0,0.5666089057922363,3.5025651663541795
0,80,13,17,0,0.5666089057922363,3.5025651663541795
0,80,15,16,0,0.5666089057922363,3.5025651663541795
0,80,16,22,0,0.5666089057922363,3.5025651663541795
0,80,15,16,0,0.5666089057922363,3.5025651663541795
0,80,16,21,0,0.5666089057922363,3.5025651663541795
0,80,13,18,0,0.5666089057922363,3.5025651663541795
0,80,15,18,0,0.5666089057922363,3.5025651663541795
0,80,15,16,0,0.5666089057922363,3.5025651663541795
0,80,14,12,0,0.5666089057922363,3.5025651663541795
0,80,15,13,0,0.5666089057922363,3.5025651663541795
0,80,18,16,0,0.6664302349090576,3.208918499946594
0,80,11,20,0,0.6664302349090576,3.208918499946594
0,80,21,20,0,0.6664302349090576,3.208918499946594
0,80,17,19,0,0.6664302349090576,3.208918499946594
0,80,11,16,0,0.6664302349090576,3.208918499946594
0,80,21,17,0,0.6664302349090576,3.208918499946594
0,80,18,19,0,0.6664302349090576,3.208918499946594
0,80,29,25,0,0.6664302349090576,3.208918499946594
0,80,11,18,0,0.6664302349090576,3.208918499946594
0,80,21,17,0,0.6664302349090576,3.208918499946594
0,80,18,16,0,0.6664302349090576,3.208918499946594
0,80,21,20,0,0.6664302349090576,3.208918499946594
0,80,21,22,0,0.6664302349090576,3.208918499946594
0,80,18,19,0,0.6664302349090576,3.208918499946594
0,80,18,16,0,0.6664302349090576,3.208918499946594
0,80,11,20,0,0.6664302349090576,3.208918499946594
0,80,11,19,0,0.6664302349090576,3.208918499946594
0,80,21,20,0,0.6664302349090576,3.208918499946594
0,80,18,20,0,0.6664302349090576,3.208918499946594
0,80,21,22,0,0.6664302349090576,3.208918499946594
0,80,21,21,0,0.6664302349090576,3.208918499946594
0,80,21,21,0,0.6664302349090576,3.208918499946594
0,80,11,13,0,0.6664302349090576,3.208918499946594
0,80,11,16,0,0.6664302349090576,3.208918499946594
0,80,11,12,0,0.6664302349090576,3.208918499946594
0,80,21,18,0,0.6664302349090576,3.208918499946594
0,80,18,15,0,0.6664302349090576,3.208918499946594
0,80,11,18,0,0.6664302349090576,3.208918499946594
0,80,11,12,0,0.6664302349090576,3.208918499946594
0,80,11,17,0,0.6664302349090576,3.208918499946594
0,80,11,18,0,0.6664302349090576,3.208918499946594
0,80,21,20,0,0.6664302349090576,3.208918499946594
0,80,11,19,0,0.6664302349090576,3.208918499946594
0,80,18,18,0,0.6664302349090576,3.208918499946594
0,80,21,18,0,0.6664302349090576,3.208918499946594
0,80,17,22,0,0.6664302349090576,3.208918499946594
0,80,11,14,0,0.6664302349090576,3.208918499946594
0,80,21,19,0,0.6664302349090576,3.208918499946594
0,80,21,18,0,0.6664302349090576,3.208918499946594
0,80,17,20,0,0.6664302349090576,3.208918499946594
0,80,11,18,0,0.6664302349090576,3.208918499946594
0,80,21,17,0,0.6664302349090576,3.208918499946594
0,80,17,19,0,0.6664302349090576,3.208918499946594
0,80,18,16,0,0.6664302349090576,3.208918499946594
0,80,11,16,0,0.6664302349090576,3.208918499946594
0,80,11,12,0,0.6664302349090576,3.208918499946594
0,80,17,17,0,0.6664302349090576,3.208918499946594
0,80,11,17,0,0.6664302349090576,3.208918499946594
0,80,18,18,0,0.6664302349090576,3.208918499946594
0,80,11,18,0,0.6664302349090576,3.208918499946594
0,80,18,20,0,0.6664302349090576,3.208918499946594
0,80,17,15,0,0.6664302349090576,3.208918499946594
0,80,11,12,0,0.6664302349090576,3.208918499946594
0,80,11,14,0,0.6664302349090576,3.208918499946594
0,80,11,18,0,0.6664302349090576,3.208918499946594
0,80,11,19,0,0.6664302349090576,3.208918499946594
0,80,11,14,0,0.6664302349090576,3.208918499946594
0,80,21,18,0,0.6664302349090576,3.208918499946594
0,80,11,19,0,0.6664302349090576,3.208918499946594
0,80,18,19,0,0.6664302349090576,3.208918499946594
0,80,18,15,0,0.6664302349090576,3.208918499946594
0,80,25,24,0,0.6664302349090576,3.208918499946594
0,80,17,14,0,0.6664302349090576,3.208918499946594
0,80,21,16,0,0.6664302349090576,3.208918499946594
0,80,17,16,0,0.6664302349090576,3.208918499946594
0,80,11,13,0,0.6664302349090576,3.208918499946594
0,80,11,17,0,0.6664302349090576,3.208918499946594
0,80,11,18,0,0.6664302349090576,3.208918499946594
0,80,21,16,0,0.6664302349090576,3.208918499946594
0,80,17,17,0,0.6664302349090576,3.208918499946594
0,80,18,17,0,0.6664302349090576,3.208918499946594
0,80,11,17,0,0.6664302349090576,3.208918499946594
0,80,17,16,0,0.6664302349090576,3.208918499946594
0,80,11,18,0,0.6664302349090576,3.208918499946594
0,80,17,20,0,0.6664302349090576,3.208918499946594
0,80,18,19,0,0.6664302349090576,3.208918499946594
0,80,11,19,0,0.6664302349090576,3.208918499946594
0,80,11,15,0,0.6664302349090576,3.208918499946594
0,80,17,20,0,0.6664302349090576,3.208918499946594
0,80,11,17,0,0.6664302349090576,3.208918499946594
0,80,18,16,0,0.6664302349090576,3.208918499946594
0,80,18,16,0,0.6664302349090576,3.208918499946594
0,80,21,17,0,0.6664302349090576,3.208918499946594
0,80,21,15,0,0.6664302349090576,3.208918499946594
0,80,11,19,0,0.6664302349090576,3.208918499946594
0,80,18,15,0,0.6664302349090576,3.208918499946594
0,80,3,10,0,0.6664302349090576,3.208918499946594
0,80,11,18,0,0.6664302349090576,3.208918499946594
0,80,11,16,0,0.6664302349090576,3.208918499946594
0,80,10,6,0,0.6664302349090576,3.208918499946594
0,80,11,19,0,0.6664302349090576,3.208918499946594
0,80,18,19,0,0.6664302349090576,3.208918499946594
0,80,11,18,0,0.6664302349090576,3.208918499946594
0,80,11,19,0,0.6664302349090576,3.208918499946594
0,80,18,21,0,0.6664302349090576,3.208918499946594
0,80,11,17,0,0.6664302349090576,3.208918499946594
0,80,11,17,0,0.6664302349090576,3.208918499946594
0,80,17,20,0,0.6664302349090576,3.208918499946594
0,80,18,16,0,0.6664302349090576,3.208918499946594
0,80,21,22,0,0.6664302349090576,3.208918499946594
0,80,11,17,0,0.6664302349090576,3.208918499946594
0,80,21,21,0,0.6664302349090576,3.208918499946594
0,80,11,14,0,0.6664302349090576,3.208918499946594
0,80,11,14,0,0.6664302349090576,3.208918499946594
0,80,11,19,0,0.6664302349090576,3.208918499946594
0,80,11,19,0,0.6664302349090576,3.208918499946594
0,80,21,22,0,0.6664302349090576,3.208918499946594
0,80,21,18,0,0.6664302349090576,3.208918499946594
0,80,11,17,0,0.6664302349090576,3.208918499946594
0,80,18,17,0,0.6664302349090576,3.208918499946594
0,80,11,17,0,0.6664302349090576,3.208918499946594
0,80,11,16,0,0.6664302349090576,3.208918499946594
0,80,11,16,0,0.6664302349090576,3.208918499946594
0,80,21,20,0,0.6664302349090576,3.208918499946594
0,80,11,18,0,0.6664302349090576,3.208918499946594
0,80,11,20,0,0.6664302349090576,3.208918499946594
0,80,17,21,0,0.6664302349090576,3.208918499946594
0,80,21,18,0,0.6664302349090576,3.208918499946594
0,80,21,19,0,0.6664302349090576,3.208918499946594
0,80,21,20,0,0.6664302349090576,3.208918499946594
0,80,9,9,0,0.6664302349090576,3.208918499946594
0,80,11,18,0,0.6664302349090576,3.208918499946594
0,80,11,22,0,0.6664302349090576,3.208918499946594
0,80,17,22,0,0.6664302349090576,3.208918499946594
0,80,11,19,0,0.6664302349090576,3.208918499946594
0,80,18,24,0,0.6664302349090576,3.208918499946594
0,80,21,17,0,0.6664302349090576,3.208918499946594
0,80,11,18,0,0.6664302349090576,3.208918499946594
0,80,21,17,0,0.6664302349090576,3.208918499946594
0,80,11,19,0,0.6664302349090576,3.208918499946594
0,80,23,21,0,0.6664302349090576,3.208918499946594
0,80,21,21,0,0.6664302349090576,3.208918499946594
0,80,21,20,0,0.6664302349090576,3.208918499946594
0,80,11,18,0,0.6664302349090576,3.208918499946594
0,80,21,20,0,0.6664302349090576,3.208918499946594
0,80,17,20,0,0.6664302349090576,3.208918499946594
0,80,21,17,0,0.6664302349090576,3.208918499946594
0,80,17,22,0,0.6664302349090576,3.208918499946594
0,80,11,19,0,0.6664302349090576,3.208918499946594
0,80,21,20,0,0.6664302349090576,3.208918499946594
0,80,11,20,0,0.6664302349090576,3.208918499946594
0,80,17,20,0,0.6664302349090576,3.208918499946594
0,80,21,19,0,0.6664302349090576,3.208918499946594
0,80,11,17,0,0.6664302349090576,3.208918499946594
0,80,11,17,0,0.6664302349090576,3.208918499946594
0,80,11,20,0,0.6664302349090576,3.208918499946594
0,80,21,19,0,0.6664302349090576,3.208918499946594
0,80,18,19,0,0.6664302349090576,3.208918499946594
0,80,11,19,0,0.6664302349090576,3.208918499946594
0,80,21,21,0,0.6664302349090576,3.208918499946594
0,80,21,18,0,0.6664302349090576,3.208918499946594
0,80,17,20,0,0.6664302349090576,3.208918499946594
0,80,11,16,0,0.6664302349090576,3.208918499946594
0,80,17,19,0,0.6664302349090576,3.208918499946594
0,80,18,21,0,0.6664302349090576,3.208918499946594
0,80,18,18,0,0.6664302349090576,3.208918499946594
0,80,11,20,0,0.6664302349090576,3.208918499946594
0,80,11,19,0,0.6664302349090576,3.208918499946594
0,80,21,19,0,0.6664302349090576,3.208918499946594
0,80,11,19,0,0.6664302349090576,3.208918499946594
0,80,19,16,0,0.6205883026123047,3.389470565319061
0,80,19,16,0,0.6205883026123047,3.389470565319061
0,80,17,15,0,0.6205883026123047,3.389470565319061
0,80,17,16,0,0.6205883026123047,3.389470565319061
0,80,14,10,0,0.6205883026123047,3.389470565319061
0,80,19,17,0,0.6205883026123047,3.389470565319061
0,80,5,0,1,0.6205883026123047,3.389470565319061
0,80,14,9,0,0.6205883026123047,3.389470565319061
0,80,14,10,0,0.6205883026123047,3.389470565319061
0,80,10,10,0,0.6205883026123047,3.389470565319061
0,80,14,9,0,0.6205883026123047,3.389470565319061
0,80,19,19,0,0.6205883026123047,3.389470565319061
0,80,14,12,0,0.6205883026123047,3.389470565319061
0,80,14,11,0,0.6205883026123047,3.389470565319061
0,80,19,15,0,0.6205883026123047,3.389470565319061
0,80,14,12,0,0.6205883026123047,3.389470565319061
0,80,14,11,0,0.6205883026123047,3.389470565319061
0,80,18,21,0,0.6205883026123047,3.389470565319061
0,80,19,19,0,0.6205883026123047,3.389470565319061
0,80,17,18,0,0.6205883026123047,3.389470565319061
0,80,14,13,0,0.6205883026123047,3.389470565319061
0,80,17,17,0,0.6205883026123047,3.389470565319061
0,80,14,14,0,0.6205883026123047,3.389470565319061
0,80,14,12,0,0.6205883026123047,3.389470565319061
0,80,14,14,0,0.6205883026123047,3.389470565319061
0,80,14,11,0,0.6205883026123047,3.389470565319061
0,80,17,15,0,0.6205883026123047,3.389470565319061
0,80,17,18,0,0.6205883026123047,3.389470565319061
0,80,14,14,0,0.6205883026123047,3.389470565319061
0,80,19,16,0,0.6205883026123047,3.389470565319061
0,80,14,9,0,0.6205883026123047,3.389470565319061
0,80,14,11,0,0.6205883026123047,3.389470565319061
0,80,14,12,0,0.6205883026123047,3.389470565319061
0,80,17,15,0,0.6205883026123047,3.389470565319061
0,80,14,6,0,0.6205883026123047,3.389470565319061
0,80,14,13,0,0.6205883026123047,3.389470565319061
0,80,18,19,0,0.6205883026123047,3.389470565319061
0,80,17,15,0,0.6205883026123047,3.389470565319061
0,80,17,13,0,0.6205883026123047,3.389470565319061
0,80,17,17,0,0.6205883026123047,3.389470565319061
0,80,0,3,0,0.6205883026123047,3.389470565319061
0,80,14,11,0,0.6205883026123047,3.389470565319061
0,80,14,8,0,0.6205883026123047,3.389470565319061
0,80,18,20,0,0.6205883026123047,3.389470565319061
0,80,14,12,0,0.6205883026123047,3.389470565319061
0,80,19,17,0,0.6205883026123047,3.389470565319061
0,80,17,16,0,0.6205883026123047,3.389470565319061
0,80,14,11,0,0.6205883026123047,3.389470565319061
0,80,17,16,0,0.6205883026123047,3.389470565319061
0,80,14,12,0,0.6205883026123047,3.389470565319061
0,80,26,23,0,0.6205883026123047,3.389470565319061
0,80,17,16,0,0.6205883026123047,3.389470565319061
0,80,17,18,0,0.6205883026123047,3.389470565319061
0,80,14,12,0,0.6205883026123047,3.389470565319061
0,80,17,18,0,0.6205883026123047,3.389470565319061
0,80,17,17,0,0.6205883026123047,3.389470565319061
0,80,17,14,0,0.6205883026123047,3.389470565319061
0,80,18,19,0,0.6205883026123047,3.389470565319061
0,80,14,12,0,0.6205883026123047,3.389470565319061
0,80,17,17,0,0.6205883026123047,3.389470565319061
0,80,14,14,0,0.6205883026123047,3.389470565319061
0,80,18,20,0,0.6205883026123047,3.389470565319061
0,80,17,12,0,0.6205883026123047,3.389470565319061
0,80,14,12,0,0.6205883026123047,3.389470565319061
0,80,14,8,0,0.6205883026123047,3.389470565319061
0,80,14,7,0,0.6205883026123047,3.389470565319061
0,80,17,14,0,0.6205883026123047,3.389470565319061
0,80,19,17,0,0.6205883026123047,3.389470565319061
0,80,14,9,0,0.6205883026123047,3.389470565319061
0,80,17,15,0,0.6205883026123047,3.389470565319061
0,80,17,11,0,0.6205883026123047,3.389470565319061
0,80,18,20,0,0.6205883026123047,3.389470565319061
0,80,14,7,0,0.6205883026123047,3.389470565319061
0,80,17,11,0,0.6205883026123047,3.389470565319061
0,80,19,15,0,0.6205883026123047,3.389470565319061
0,80,19,15,0,0.6205883026123047,3.389470565319061
0,80,14,2,0,0.6205883026123047,3.389470565319061
0,80,14,10,0,0.6205883026123047,3.389470565319061
0,80,17,12,0,0.6205883026123047,3.389470565319061
0,80,14,9,0,0.6205883026123047,3.389470565319061
0,80,14,12,0,0.6205883026123047,3.389470565319061
0,80,14,9,0,0.6205883026123047,3.389470565319061
0,80,14,10,0,0.6205883026123047,3.389470565319061
0,80,18,18,0,0.6205883026123047,3.389470565319061
0,80,17,14,0,0.6205883026123047,3.389470565319061
0,80,14,12,0,0.6205883026123047,3.389470565319061
0,80,14,12,0,0.6205883026123047,3.389470565319061
0,80,17,16,0,0.6205883026123047,3.389470565319061
0,80,14,11,0,0.6205883026123047,3.389470565319061
0,80,14,13,0,0.6205883026123047,3.389470565319061
0,80,14,8,0,0.6205883026123047,3.389470565319061
0,80,18,22,0,0.6205883026123047,3.389470565319061
0,80,19,18,0,0.6205883026123047,3.389470565319061
0,80,18,19,0,0.6205883026123047,3.389470565319061
0,80,17,17,0,0.6205883026123047,3.389470565319061
0,80,14,12,0,0.6205883026123047,3.389470565319061
0,80,14,12,0,0.6205883026123047,3.389470565319061
0,80,18,19,0,0.6205883026123047,3.389470565319061
0,80,14,12,0,0.6205883026123047,3.389470565319061
0,80,17,12,0,0.6205883026123047,3.389470565319061
0,80,14,9,0,0.6205883026123047,3.389470565319061
0,80,14,9,0,0.6205883026123047,3.389470565319061
0,80,14,9,0,0.6205883026123047,3.389470565319061
0,80,17,14,0,0.6205883026123047,3.389470565319061
0,80,18,17,0,0.6205883026123047,3.389470565319061
0,80,14,4,0,0.6205883026123047,3.389470565319061
0,80,14,8,0,0.6205883026123047,3.389470565319061
0,80,4,3,0,0.6205883026123047,3.389470565319061
0,80,19,10,0,0.6205883026123047,3.389470565319061
0,80,17,18,0,0.6205883026123047,3.389470565319061
0,80,14,13,0,0.6205883026123047,3.389470565319061
0,80,14,12,0,0.6205883026123047,3.389470565319061
0,80,14,9,0,0.6205883026123047,3.389470565319061
0,80,17,16,0,0.6205883026123047,3.389470565319061
0,80,14,9,0,0.6205883026123047,3.389470565319061
0,80,17,12,0,0.6205883026123047,3.389470565319061
0,80,14,11,0,0.6205883026123047,3.389470565319061
0,80,14,13,0,0.6205883026123047,3.389470565319061
0,80,17,16,0,0.6205883026123047,3.389470565319061
0,80,19,20,0,0.6205883026123047,3.389470565319061
0,80,19,20,0,0.6205883026123047,3.389470565319061
0,80,22,21,0,0.6205883026123047,3.389470565319061
0,80,14,10,0,0.6205883026123047,3.389470565319061
0,80,19,15,0,0.6205883026123047,3.389470565319061
0,80,17,11,0,0.6205883026123047,3.389470565319061
0,80,19,15,0,0.6205883026123047,3.389470565319061
0,80,4,2,0,0.6205883026123047,3.389470565319061
0,80,17,15,0,0.6205883026123047,3.389470565319061
0,80,18,18,0,0.6205883026123047,3.389470565319061
0,80,14,6,0,0.6205883026123047,3.389470565319061
0,80,18,18,0,0.6205883026123047,3.389470565319061
0,80,4,0,0,0.6205883026123047,3.389470565319061
0,80,17,17,0,0.6205883026123047,3.389470565319061
0,80,17,15,0,0.6205883026123047,3.389470565319061
0,80,18,17,0,0.6205883026123047,3.389470565319061
0,80,26,21,0,0.6205883026123047,3.389470565319061
0,80,17,14,0,0.6205883026123047,3.389470565319061
0,80,17,15,0,0.6205883026123047,3.389470565319061
0,80,14,10,0,0.6205883026123047,3.389470565319061
0,80,14,11,0,0.6205883026123047,3.389470565319061
0,80,17,13,0,0.6205883026123047,3.389470565319061
0,80,19,16,0,0.6205883026123047,3.389470565319061
0,80,17,12,0,0.6205883026123047,3.389470565319061
0,80,17,14,0,0.6205883026123047,3.389470565319061
0,80,17,15,0,0.6205883026123047,3.389470565319061
0,80,14,11,0,0.6205883026123047,3.389470565319061
0,80,14,10,0,0.6205883026123047,3.389470565319061
0,80,17,17,0,0.6205883026123047,3.389470565319061
0,80,19,16,0,0.6205883026123047,3.389470565319061
0,80,17,13,0,0.6205883026123047,3.389470565319061
0,80,17,14,0,0.6205883026123047,3.389470565319061
0,80,17,14,0,0.6205883026123047,3.389470565319061
0,80,14,9,0,0.6205883026123047,3.389470565319061
0,80,19,14,0,0.6205883026123047,3.389470565319061
0,80,17,10,0,0.6205883026123047,3.389470565319061
0,80,19,13,0,0.6205883026123047,3.389470565319061
0,80,14,7,0,0.6205883026123047,3.389470565319061
0,80,14,10,0,0.6205883026123047,3.389470565319061
0,80,18,16,0,0.6205883026123047,3.389470565319061
0,80,17,15,0,0.6205883026123047,3.389470565319061
Total attack time: 816.3182644844055
0,60,14,13,0,0.6373839378356934,2.7875149408976236
0,60,15,16,0,0.6373839378356934,2.7875149408976236
0,60,17,14,0,0.6373839378356934,2.7875149408976236
0,60,14,14,0,0.6373839378356934,2.7875149408976236
0,60,17,16,0,0.6373839378356934,2.7875149408976236
0,60,11,7,0,0.6373839378356934,2.7875149408976236
0,60,11,11,0,0.6373839378356934,2.7875149408976236
0,60,16,16,0,0.6373839378356934,2.7875149408976236
0,60,14,13,0,0.6373839378356934,2.7875149408976236
0,60,16,16,0,0.6373839378356934,2.7875149408976236
0,60,16,15,0,0.6373839378356934,2.7875149408976236
0,60,16,16,0,0.6373839378356934,2.7875149408976236
0,60,16,15,0,0.6373839378356934,2.7875149408976236
0,60,15,13,0,0.6373839378356934,2.7875149408976236
0,60,14,11,0,0.6373839378356934,2.7875149408976236
0,60,16,12,0,0.6373839378356934,2.7875149408976236
0,60,1,5,0,0.6373839378356934,2.7875149408976236
0,60,14,15,0,0.6373839378356934,2.7875149408976236
0,60,15,16,0,0.6373839378356934,2.7875149408976236
0,60,11,7,0,0.6373839378356934,2.7875149408976236
0,60,15,18,0,0.6373839378356934,2.7875149408976236
0,60,14,14,0,0.6373839378356934,2.7875149408976236
0,60,20,20,0,0.6373839378356934,2.7875149408976236
0,60,20,20,0,0.6373839378356934,2.7875149408976236
0,60,11,8,0,0.6373839378356934,2.7875149408976236
0,60,11,8,0,0.6373839378356934,2.7875149408976236
0,60,14,13,0,0.6373839378356934,2.7875149408976236
0,60,14,14,0,0.6373839378356934,2.7875149408976236
0,60,11,13,0,0.6373839378356934,2.7875149408976236
0,60,11,13,0,0.6373839378356934,2.7875149408976236
0,60,11,11,0,0.6373839378356934,2.7875149408976236
0,60,15,17,0,0.6373839378356934,2.7875149408976236
0,60,6,5,0,0.6373839378356934,2.7875149408976236
0,60,11,9,0,0.6373839378356934,2.7875149408976236
0,60,15,14,0,0.6373839378356934,2.7875149408976236
0,60,16,18,0,0.6373839378356934,2.7875149408976236
0,60,20,17,0,0.6373839378356934,2.7875149408976236
0,60,6,8,0,0.6373839378356934,2.7875149408976236
0,60,15,16,0,0.6373839378356934,2.7875149408976236
0,60,14,13,0,0.6373839378356934,2.7875149408976236
0,60,16,10,0,0.6373839378356934,2.7875149408976236
0,60,14,14,0,0.6373839378356934,2.7875149408976236
0,60,15,12,0,0.6373839378356934,2.7875149408976236
0,60,16,15,0,0.6373839378356934,2.7875149408976236
0,60,16,17,0,0.6373839378356934,2.7875149408976236
0,60,11,10,0,0.6373839378356934,2.7875149408976236
0,60,11,11,0,0.6373839378356934,2.7875149408976236
0,60,16,15,0,0.6373839378356934,2.7875149408976236
0,60,11,10,0,0.6373839378356934,2.7875149408976236
0,60,15,15,0,0.6373839378356934,2.7875149408976236
0,60,11,7,0,0.6373839378356934,2.7875149408976236
0,60,15,17,0,0.6373839378356934,2.7875149408976236
0,60,16,14,0,0.6373839378356934,2.7875149408976236
0,60,16,18,0,0.6373839378356934,2.7875149408976236
0,60,11,12,0,0.6373839378356934,2.7875149408976236
0,60,14,14,0,0.6373839378356934,2.7875149408976236
0,60,15,11,0,0.6373839378356934,2.7875149408976236
0,60,17,14,0,0.6373839378356934,2.7875149408976236
0,60,14,13,0,0.6373839378356934,2.7875149408976236
0,60,14,14,0,0.6373839378356934,2.7875149408976236
0,60,11,7,0,0.6373839378356934,2.7875149408976236
0,60,11,10,0,0.6373839378356934,2.7875149408976236
0,60,16,15,0,0.6373839378356934,2.7875149408976236
0,60,11,12,0,0.6373839378356934,2.7875149408976236
0,60,20,24,0,0.6373839378356934,2.7875149408976236
0,60,15,14,0,0.6373839378356934,2.7875149408976236
0,60,14,13,0,0.6373839378356934,2.7875149408976236
0,60,11,8,0,0.6373839378356934,2.7875149408976236
0,60,14,11,0,0.6373839378356934,2.7875149408976236
0,60,14,9,0,0.6373839378356934,2.7875149408976236
0,60,11,12,0,0.6373839378356934,2.7875149408976236
0,60,11,11,0,0.6373839378356934,2.7875149408976236
0,60,14,16,0,0.6373839378356934,2.7875149408976236
0,60,15,16,0,0.6373839378356934,2.7875149408976236
0,60,14,11,0,0.6373839378356934,2.7875149408976236
0,60,16,17,0,0.6373839378356934,2.7875149408976236
0,60,11,12,0,0.6373839378356934,2.7875149408976236
0,60,15,14,0,0.6373839378356934,2.7875149408976236
0,60,11,11,0,0.6373839378356934,2.7875149408976236
0,60,14,13,0,0.6373839378356934,2.7875149408976236
0,60,16,16,0,0.6373839378356934,2.7875149408976236
0,60,11,9,0,0.6373839378356934,2.7875149408976236
0,60,14,16,0,0.6373839378356934,2.7875149408976236
0,60,15,19,0,0.6373839378356934,2.7875149408976236
0,60,11,9,0,0.6373839378356934,2.7875149408976236
0,60,14,13,0,0.6373839378356934,2.7875149408976236
0,60,16,16,0,0.6373839378356934,2.7875149408976236
0,60,20,15,0,0.6373839378356934,2.7875149408976236
0,60,11,9,0,0.6373839378356934,2.7875149408976236
0,60,14,10,0,0.6373839378356934,2.7875149408976236
0,60,16,19,0,0.6373839378356934,2.7875149408976236
0,60,14,15,0,0.6373839378356934,2.7875149408976236
0,60,14,13,0,0.6373839378356934,2.7875149408976236
0,60,16,17,0,0.6373839378356934,2.7875149408976236
0,60,16,16,0,0.6373839378356934,2.7875149408976236
0,60,11,10,0,0.6373839378356934,2.7875149408976236
0,60,11,9,0,0.6373839378356934,2.7875149408976236
0,60,14,14,0,0.6373839378356934,2.7875149408976236
0,60,16,13,0,0.6373839378356934,2.7875149408976236
0,60,14,14,0,0.6373839378356934,2.7875149408976236
0,60,14,12,0,0.6373839378356934,2.7875149408976236
0,60,14,15,0,0.6373839378356934,2.7875149408976236
0,60,11,11,0,0.6373839378356934,2.7875149408976236
0,60,11,13,0,0.6373839378356934,2.7875149408976236
0,60,11,9,0,0.6373839378356934,2.7875149408976236
0,60,14,13,0,0.6373839378356934,2.7875149408976236
0,60,16,19,0,0.6373839378356934,2.7875149408976236
0,60,11,12,0,0.6373839378356934,2.7875149408976236
0,60,11,9,0,0.6373839378356934,2.7875149408976236
0,60,11,11,0,0.6373839378356934,2.7875149408976236
0,60,11,10,0,0.6373839378356934,2.7875149408976236
0,60,14,17,0,0.6373839378356934,2.7875149408976236
0,60,11,9,0,0.6373839378356934,2.7875149408976236
0,60,16,17,0,0.6373839378356934,2.7875149408976236
0,60,14,13,0,0.6373839378356934,2.7875149408976236
0,60,15,18,0,0.6373839378356934,2.7875149408976236
0,60,11,10,0,0.6373839378356934,2.7875149408976236
0,60,14,13,0,0.6373839378356934,2.7875149408976236
0,60,14,11,0,0.6373839378356934,2.7875149408976236
0,60,15,13,0,0.6373839378356934,2.7875149408976236
0,60,10,8,0,0.5554392337799072,2.7433541854222616
0,60,10,7,0,0.5554392337799072,2.7433541854222616
0,60,16,12,0,0.5554392337799072,2.7433541854222616
0,60,10,14,0,0.5554392337799072,2.7433541854222616
0,60,16,19,0,0.5554392337799072,2.7433541854222616
0,60,18,15,0,0.5554392337799072,2.7433541854222616
0,60,14,17,0,0.5554392337799072,2.7433541854222616
0,60,10,9,0,0.5554392337799072,2.7433541854222616
0,60,14,15,0,0.5554392337799072,2.7433541854222616
0,60,14,16,0,0.5554392337799072,2.7433541854222616
0,60,10,9,0,0.5554392337799072,2.7433541854222616
0,60,10,8,0,0.5554392337799072,2.7433541854222616
0,60,14,15,0,0.5554392337799072,2.7433541854222616
0,60,16,21,0,0.5554392337799072,2.7433541854222616
0,60,14,14,0,0.5554392337799072,2.7433541854222616
0,60,16,15,0,0.5554392337799072,2.7433541854222616
0,60,10,8,0,0.5554392337799072,2.7433541854222616
0,60,16,15,0,0.5554392337799072,2.7433541854222616
0,60,10,9,0,0.5554392337799072,2.7433541854222616
0,60,14,15,0,0.5554392337799072,2.7433541854222616
0,60,16,11,0,0.5554392337799072,2.7433541854222616
0,60,10,8,0,0.5554392337799072,2.7433541854222616
0,60,14,19,0,0.5554392337799072,2.7433541854222616
0,60,16,19,0,0.5554392337799072,2.7433541854222616
0,60,10,10,0,0.5554392337799072,2.7433541854222616
0,60,14,19,0,0.5554392337799072,2.7433541854222616
0,60,16,16,0,0.5554392337799072,2.7433541854222616
0,60,16,17,0,0.5554392337799072,2.7433541854222616
0,60,10,8,0,0.5554392337799072,2.7433541854222616
0,60,14,16,0,0.5554392337799072,2.7433541854222616
0,60,16,13,0,0.5554392337799072,2.7433541854222616
0,60,14,13,0,0.5554392337799072,2.7433541854222616
0,60,14,18,0,0.5554392337799072,2.7433541854222616
0,60,16,12,0,0.5554392337799072,2.7433541854222616
0,60,16,13,0,0.5554392337799072,2.7433541854222616
0,60,10,7,0,0.5554392337799072,2.7433541854222616
0,60,10,7,0,0.5554392337799072,2.7433541854222616
0,60,14,19,0,0.5554392337799072,2.7433541854222616
0,60,16,11,0,0.5554392337799072,2.7433541854222616
0,60,14,18,0,0.5554392337799072,2.7433541854222616
0,60,14,18,0,0.5554392337799072,2.7433541854222616
0,60,14,14,0,0.5554392337799072,2.7433541854222616
0,60,10,7,0,0.5554392337799072,2.7433541854222616
0,60,10,9,0,0.5554392337799072,2.7433541854222616
0,60,10,10,0,0.5554392337799072,2.7433541854222616
0,60,14,16,0,0.5554392337799072,2.7433541854222616
0,60,16,14,0,0.5554392337799072,2.7433541854222616
0,60,10,12,0,0.5554392337799072,2.7433541854222616
0,60,10,8,0,0.5554392337799072,2.7433541854222616
0,60,10,8,0,0.5554392337799072,2.7433541854222616
0,60,10,9,0,0.5554392337799072,2.7433541854222616
0,60,14,18,0,0.5554392337799072,2.7433541854222616
0,60,10,10,0,0.5554392337799072,2.7433541854222616
0,60,16,11,0,0.5554392337799072,2.7433541854222616
0,60,14,15,0,0.5554392337799072,2.7433541854222616
0,60,16,15,0,0.5554392337799072,2.7433541854222616
0,60,10,9,0,0.5554392337799072,2.7433541854222616
0,60,14,14,0,0.5554392337799072,2.7433541854222616
0,60,14,15,0,0.5554392337799072,2.7433541854222616
0,60,16,15,0,0.5554392337799072,2.7433541854222616
0,60,10,9,0,0.5554392337799072,2.7433541854222616
0,60,14,17,0,0.5554392337799072,2.7433541854222616
0,60,16,17,0,0.5554392337799072,2.7433541854222616
0,60,16,12,0,0.5554392337799072,2.7433541854222616
0,60,10,4,0,0.5554392337799072,2.7433541854222616
0,60,10,9,0,0.5554392337799072,2.7433541854222616
0,60,16,20,0,0.5554392337799072,2.7433541854222616
0,60,10,8,0,0.5554392337799072,2.7433541854222616
0,60,16,14,0,0.5554392337799072,2.7433541854222616
0,60,10,9,0,0.5554392337799072,2.7433541854222616
0,60,16,16,0,0.5554392337799072,2.7433541854222616
0,60,18,16,0,0.5554392337799072,2.7433541854222616
0,60,10,8,0,0.5554392337799072,2.7433541854222616
0,60,10,8,0,0.5554392337799072,2.7433541854222616
0,60,10,9,0,0.5554392337799072,2.7433541854222616
0,60,10,9,0,0.5554392337799072,2.7433541854222616
0,60,10,8,0,0.5554392337799072,2.7433541854222616
0,60,14,15,0,0.5554392337799072,2.7433541854222616
0,60,10,7,0,0.5554392337799072,2.7433541854222616
0,60,16,13,0,0.5554392337799072,2.7433541854222616
0,60,16,10,0,0.5554392337799072,2.7433541854222616
0,60,22,23,0,0.5554392337799072,2.7433541854222616
0,60,16,19,0,0.5554392337799072,2.7433541854222616
0,60,14,14,0,0.5554392337799072,2.7433541854222616
0,60,16,15,0,0.5554392337799072,2.7433541854222616
0,60,10,9,0,0.5554392337799072,2.7433541854222616
0,60,10,6,0,0.5554392337799072,2.7433541854222616
0,60,10,9,0,0.5554392337799072,2.7433541854222616
0,60,14,15,0,0.5554392337799072,2.7433541854222616
0,60,16,18,0,0.5554392337799072,2.7433541854222616
0,60,16,11,0,0.5554392337799072,2.7433541854222616
0,60,10,11,0,0.5554392337799072,2.7433541854222616
0,60,18,19,0,0.5554392337799072,2.7433541854222616
0,60,10,12,0,0.5554392337799072,2.7433541854222616
0,60,18,14,0,0.5554392337799072,2.7433541854222616
0,60,16,10,0,0.5554392337799072,2.7433541854222616
0,60,10,11,0,0.5554392337799072,2.7433541854222616
0,60,10,7,0,0.5554392337799072,2.7433541854222616
0,60,16,15,0,0.5554392337799072,2.7433541854222616
0,60,10,5,0,0.5554392337799072,2.7433541854222616
0,60,16,10,0,0.5554392337799072,2.7433541854222616
0,60,16,7,0,0.5554392337799072,2.7433541854222616
0,60,14,18,0,0.5554392337799072,2.7433541854222616
0,60,14,15,0,0.5554392337799072,2.7433541854222616
0,60,10,7,0,0.5554392337799072,2.7433541854222616
0,60,16,5,0,0.5554392337799072,2.7433541854222616
0,60,0,2,3,0.5554392337799072,2.7433541854222616
0,60,10,6,0,0.5554392337799072,2.7433541854222616
0,60,10,8,0,0.5554392337799072,2.7433541854222616
0,60,6,6,0,0.5554392337799072,2.7433541854222616
0,60,10,6,0,0.5554392337799072,2.7433541854222616
0,60,16,11,0,0.5554392337799072,2.7433541854222616
0,60,10,7,0,0.5554392337799072,2.7433541854222616
0,60,10,7,0,0.5554392337799072,2.7433541854222616
0,60,16,11,0,0.5554392337799072,2.7433541854222616
0,60,10,8,0,0.5554392337799072,2.7433541854222616
0,60,10,8,0,0.5554392337799072,2.7433541854222616
0,60,16,12,0,0.5554392337799072,2.7433541854222616
0,60,16,13,0,0.5554392337799072,2.7433541854222616
0,60,14,14,0,0.5554392337799072,2.7433541854222616
0,60,13,14,0,0.7043602466583252,4.037070480982463
0,60,16,17,0,0.7043602466583252,4.037070480982463
0,60,18,18,0,0.7043602466583252,4.037070480982463
0,60,20,19,0,0.7043602466583252,4.037070480982463
0,60,13,12,0,0.7043602466583252,4.037070480982463
0,60,13,14,0,0.7043602466583252,4.037070480982463
0,60,18,20,0,0.7043602466583252,4.037070480982463
0,60,13,16,0,0.7043602466583252,4.037070480982463
0,60,20,20,0,0.7043602466583252,4.037070480982463
0,60,13,13,0,0.7043602466583252,4.037070480982463
0,60,20,19,0,0.7043602466583252,4.037070480982463
0,60,22,22,0,0.7043602466583252,4.037070480982463
0,60,13,17,0,0.7043602466583252,4.037070480982463
0,60,13,13,0,0.7043602466583252,4.037070480982463
0,60,13,15,0,0.7043602466583252,4.037070480982463
0,60,13,16,0,0.7043602466583252,4.037070480982463
0,60,13,13,0,0.7043602466583252,4.037070480982463
0,60,16,16,0,0.7043602466583252,4.037070480982463
0,60,13,16,0,0.7043602466583252,4.037070480982463
0,60,20,18,0,0.7043602466583252,4.037070480982463
0,60,20,16,0,0.7043602466583252,4.037070480982463
0,60,25,26,0,0.7043602466583252,4.037070480982463
0,60,18,17,0,0.7043602466583252,4.037070480982463
0,60,16,19,0,0.7043602466583252,4.037070480982463
0,60,18,17,0,0.7043602466583252,4.037070480982463
0,60,13,14,0,0.7043602466583252,4.037070480982463
0,60,13,11,0,0.7043602466583252,4.037070480982463
0,60,13,8,0,0.7043602466583252,4.037070480982463
0,60,16,15,0,0.7043602466583252,4.037070480982463
0,60,18,21,0,0.7043602466583252,4.037070480982463
0,60,20,13,0,0.7043602466583252,4.037070480982463
0,60,13,15,0,0.7043602466583252,4.037070480982463
0,60,22,16,0,0.7043602466583252,4.037070480982463
0,60,13,16,0,0.7043602466583252,4.037070480982463
0,60,22,16,0,0.7043602466583252,4.037070480982463
0,60,20,20,0,0.7043602466583252,4.037070480982463
0,60,13,18,0,0.7043602466583252,4.037070480982463
0,60,13,14,0,0.7043602466583252,4.037070480982463
0,60,18,20,0,0.7043602466583252,4.037070480982463
0,60,13,12,0,0.7043602466583252,4.037070480982463
0,60,20,22,0,0.7043602466583252,4.037070480982463
0,60,20,19,0,0.7043602466583252,4.037070480982463
0,60,16,14,0,0.7043602466583252,4.037070480982463
0,60,16,18,0,0.7043602466583252,4.037070480982463
0,60,13,14,0,0.7043602466583252,4.037070480982463
0,60,20,14,0,0.7043602466583252,4.037070480982463
0,60,0,4,0,0.7043602466583252,4.037070480982463
0,60,13,15,0,0.7043602466583252,4.037070480982463
0,60,13,16,0,0.7043602466583252,4.037070480982463
0,60,11,8,0,0.7043602466583252,4.037070480982463
0,60,13,12,0,0.7043602466583252,4.037070480982463
0,60,20,19,0,0.7043602466583252,4.037070480982463
0,60,13,18,0,0.7043602466583252,4.037070480982463
0,60,13,15,0,0.7043602466583252,4.037070480982463
0,60,20,20,0,0.7043602466583252,4.037070480982463
0,60,13,17,0,0.7043602466583252,4.037070480982463
0,60,13,17,0,0.7043602466583252,4.037070480982463
0,60,18,16,0,0.7043602466583252,4.037070480982463
0,60,20,18,0,0.7043602466583252,4.037070480982463
0,60,16,17,0,0.7043602466583252,4.037070480982463
0,60,13,13,0,0.7043602466583252,4.037070480982463
0,60,16,17,0,0.7043602466583252,4.037070480982463
0,60,13,18,0,0.7043602466583252,4.037070480982463
0,60,13,14,0,0.7043602466583252,4.037070480982463
0,60,13,14,0,0.7043602466583252,4.037070480982463
0,60,13,15,0,0.7043602466583252,4.037070480982463
0,60,16,19,0,0.7043602466583252,4.037070480982463
0,60,16,15,0,0.7043602466583252,4.037070480982463
0,60,13,15,0,0.7043602466583252,4.037070480982463
0,60,20,19,0,0.7043602466583252,4.037070480982463
0,60,13,13,0,0.7043602466583252,4.037070480982463
0,60,13,12,0,0.7043602466583252,4.037070480982463
0,60,13,16,0,0.7043602466583252,4.037070480982463
0,60,16,15,0,0.7043602466583252,4.037070480982463
0,60,13,13,0,0.7043602466583252,4.037070480982463
0,60,13,16,0,0.7043602466583252,4.037070480982463
0,60,18,21,0,0.7043602466583252,4.037070480982463
0,60,16,16,0,0.7043602466583252,4.037070480982463
0,60,16,16,0,0.7043602466583252,4.037070480982463
0,60,16,19,0,0.7043602466583252,4.037070480982463
0,60,2,6,0,0.7043602466583252,4.037070480982463
0,60,13,15,0,0.7043602466583252,4.037070480982463
0,60,13,14,0,0.7043602466583252,4.037070480982463
0,60,18,18,0,0.7043602466583252,4.037070480982463
0,60,13,16,0,0.7043602466583252,4.037070480982463
0,60,20,19,0,0.7043602466583252,4.037070480982463
0,60,16,16,0,0.7043602466583252,4.037070480982463
0,60,13,14,0,0.7043602466583252,4.037070480982463
0,60,16,16,0,0.7043602466583252,4.037070480982463
0,60,13,13,0,0.7043602466583252,4.037070480982463
0,60,23,21,0,0.7043602466583252,4.037070480982463
0,60,16,15,0,0.7043602466583252,4.037070480982463
0,60,16,14,0,0.7043602466583252,4.037070480982463
0,60,13,17,0,0.7043602466583252,4.037070480982463
0,60,16,15,0,0.7043602466583252,4.037070480982463
0,60,22,21,0,0.7043602466583252,4.037070480982463
0,60,16,17,0,0.7043602466583252,4.037070480982463
0,60,18,16,0,0.7043602466583252,4.037070480982463
0,60,13,14,0,0.7043602466583252,4.037070480982463
0,60,16,20,0,0.7043602466583252,4.037070480982463
0,60,13,17,0,0.7043602466583252,4.037070480982463
0,60,18,19,0,0.7043602466583252,4.037070480982463
0,60,16,16,0,0.7043602466583252,4.037070480982463
0,60,13,15,0,0.7043602466583252,4.037070480982463
0,60,13,14,0,0.7043602466583252,4.037070480982463
0,60,13,14,0,0.7043602466583252,4.037070480982463
0,60,16,17,0,0.7043602466583252,4.037070480982463
0,60,20,21,0,0.7043602466583252,4.037070480982463
0,60,13,16,0,0.7043602466583252,4.037070480982463
0,60,16,17,0,0.7043602466583252,4.037070480982463
0,60,16,17,0,0.7043602466583252,4.037070480982463
0,60,18,22,0,0.7043602466583252,4.037070480982463
0,60,13,9,0,0.7043602466583252,4.037070480982463
0,60,22,20,0,0.7043602466583252,4.037070480982463
0,60,20,18,0,0.7043602466583252,4.037070480982463
0,60,20,20,0,0.7043602466583252,4.037070480982463
0,60,13,14,0,0.7043602466583252,4.037070480982463
0,60,13,15,0,0.7043602466583252,4.037070480982463
0,60,16,17,0,0.7043602466583252,4.037070480982463
0,60,13,11,0,0.7043602466583252,4.037070480982463
0,60,14,9,0,0.6131045818328857,4.589600582917531
0,60,20,12,0,0.6131045818328857,4.589600582917531
0,60,14,15,0,0.6131045818328857,4.589600582917531
0,60,14,17,0,0.6131045818328857,4.589600582917531
0,60,14,15,0,0.6131045818328857,4.589600582917531
0,60,14,14,0,0.6131045818328857,4.589600582917531
0,60,20,16,0,0.6131045818328857,4.589600582917531
0,60,20,16,0,0.6131045818328857,4.589600582917531
0,60,14,8,0,0.6131045818328857,4.589600582917531
0,60,13,15,0,0.6131045818328857,4.589600582917531
0,60,14,11,0,0.6131045818328857,4.589600582917531
0,60,14,18,0,0.6131045818328857,4.589600582917531
0,60,14,16,0,0.6131045818328857,4.589600582917531
0,60,20,18,0,0.6131045818328857,4.589600582917531
0,60,14,9,0,0.6131045818328857,4.589600582917531
0,60,14,12,0,0.6131045818328857,4.589600582917531
0,60,19,21,0,0.6131045818328857,4.589600582917531
0,60,20,17,0,0.6131045818328857,4.589600582917531
0,60,20,16,0,0.6131045818328857,4.589600582917531
0,60,20,15,0,0.6131045818328857,4.589600582917531
0,60,2,6,0,0.6131045818328857,4.589600582917531
0,60,14,16,0,0.6131045818328857,4.589600582917531
0,60,14,15,0,0.6131045818328857,4.589600582917531
0,60,19,22,0,0.6131045818328857,4.589600582917531
0,60,14,15,0,0.6131045818328857,4.589600582917531
0,60,13,17,0,0.6131045818328857,4.589600582917531
0,60,20,16,0,0.6131045818328857,4.589600582917531
0,60,14,16,0,0.6131045818328857,4.589600582917531
0,60,20,18,0,0.6131045818328857,4.589600582917531
0,60,14,13,0,0.6131045818328857,4.589600582917531
0,60,24,21,0,0.6131045818328857,4.589600582917531
0,60,20,17,0,0.6131045818328857,4.589600582917531
0,60,20,14,0,0.6131045818328857,4.589600582917531
0,60,14,11,0,0.6131045818328857,4.589600582917531
0,60,20,19,0,0.6131045818328857,4.589600582917531
0,60,20,18,0,0.6131045818328857,4.589600582917531
0,60,20,16,0,0.6131045818328857,4.589600582917531
0,60,19,23,0,0.6131045818328857,4.589600582917531
0,60,14,12,0,0.6131045818328857,4.589600582917531
0,60,20,12,0,0.6131045818328857,4.589600582917531
0,60,14,14,0,0.6131045818328857,4.589600582917531
0,60,19,21,0,0.6131045818328857,4.589600582917531
0,60,20,15,0,0.6131045818328857,4.589600582917531
0,60,14,13,0,0.6131045818328857,4.589600582917531
0,60,14,13,0,0.6131045818328857,4.589600582917531
0,60,14,14,0,0.6131045818328857,4.589600582917531
0,60,20,14,0,0.6131045818328857,4.589600582917531
0,60,13,13,0,0.6131045818328857,4.589600582917531
0,60,14,9,0,0.6131045818328857,4.589600582917531
0,60,20,19,0,0.6131045818328857,4.589600582917531
0,60,20,18,0,0.6131045818328857,4.589600582917531
0,60,19,22,0,0.6131045818328857,4.589600582917531
0,60,14,11,0,0.6131045818328857,4.589600582917531
0,60,20,20,0,0.6131045818328857,4.589600582917531
0,60,13,16,0,0.6131045818328857,4.589600582917531
0,60,13,17,0,0.6131045818328857,4.589600582917531
0,60,14,13,0,0.6131045818328857,4.589600582917531
0,60,14,13,0,0.6131045818328857,4.589600582917531
0,60,20,19,0,0.6131045818328857,4.589600582917531
0,60,14,13,0,0.6131045818328857,4.589600582917531
0,60,14,16,0,0.6131045818328857,4.589600582917531
0,60,14,14,0,0.6131045818328857,4.589600582917531
0,60,14,14,0,0.6131045818328857,4.589600582917531
0,60,19,26,0,0.6131045818328857,4.589600582917531
0,60,20,19,0,0.6131045818328857,4.589600582917531
0,60,14,17,0,0.6131045818328857,4.589600582917531
0,60,14,14,0,0.6131045818328857,4.589600582917531
0,60,20,13,0,0.6131045818328857,4.589600582917531
0,60,14,9,0,0.6131045818328857,4.589600582917531
0,60,14,14,0,0.6131045818328857,4.589600582917531
0,60,14,16,0,0.6131045818328857,4.589600582917531
0,60,19,21,0,0.6131045818328857,4.589600582917531
0,60,13,16,0,0.6131045818328857,4.589600582917531
0,60,19,20,0,0.6131045818328857,4.589600582917531
0,60,20,16,0,0.6131045818328857,4.589600582917531
0,60,14,12,0,0.6131045818328857,4.589600582917531
0,60,14,16,0,0.6131045818328857,4.589600582917531
0,60,19,20,0,0.6131045818328857,4.589600582917531
0,60,14,11,0,0.6131045818328857,4.589600582917531
0,60,20,14,0,0.6131045818328857,4.589600582917531
0,60,14,14,0,0.6131045818328857,4.589600582917531
0,60,14,11,0,0.6131045818328857,4.589600582917531
0,60,14,14,0,0.6131045818328857,4.589600582917531
0,60,20,16,0,0.6131045818328857,4.589600582917531
0,60,19,23,0,0.6131045818328857,4.589600582917531
0,60,14,10,0,0.6131045818328857,4.589600582917531
0,60,14,16,0,0.6131045818328857,4.589600582917531
0,60,11,7,0,0.6131045818328857,4.589600582917531
0,60,13,16,0,0.6131045818328857,4.589600582917531
0,60,20,18,0,0.6131045818328857,4.589600582917531
0,60,14,14,0,0.6131045818328857,4.589600582917531
0,60,14,8,0,0.6131045818328857,4.589600582917531
0,60,14,12,0,0.6131045818328857,4.589600582917531
0,60,20,17,0,0.6131045818328857,4.589600582917531
0,60,14,9,0,0.6131045818328857,4.589600582917531
0,60,20,22,0,0.6131045818328857,4.589600582917531
0,60,14,9,0,0.6131045818328857,4.589600582917531
0,60,14,9,0,0.6131045818328857,4.589600582917531
0,60,20,15,0,0.6131045818328857,4.589600582917531
0,60,13,7,0,0.6131045818328857,4.589600582917531
0,60,13,18,0,0.6131045818328857,4.589600582917531
0,60,28,29,0,0.6131045818328857,4.589600582917531
0,60,14,15,0,0.6131045818328857,4.589600582917531
0,60,13,12,0,0.6131045818328857,4.589600582917531
0,60,20,17,0,0.6131045818328857,4.589600582917531
0,60,13,17,0,0.6131045818328857,4.589600582917531
0,60,5,5,0,0.6131045818328857,4.589600582917531
0,60,20,17,0,0.6131045818328857,4.589600582917531
0,60,19,21,0,0.6131045818328857,4.589600582917531
0,60,14,13,0,0.6131045818328857,4.589600582917531
0,60,19,18,0,0.6131045818328857,4.589600582917531
0,60,0,1,0,0.6131045818328857,4.589600582917531
0,60,20,17,0,0.6131045818328857,4.589600582917531
0,60,20,14,0,0.6131045818328857,4.589600582917531
0,60,19,21,0,0.6131045818328857,4.589600582917531
0,60,24,24,0,0.6131045818328857,4.589600582917531
0,60,20,18,0,0.6131045818328857,4.589600582917531
0,60,20,17,0,0.6131045818328857,4.589600582917531
0,60,14,7,0,0.6131045818328857,4.589600582917531
0,60,14,14,0,0.6131045818328857,4.589600582917531
Total attack time: 860.448007106781
0,40,15,16,0,0.594771146774292,4.410362416505814
0,40,15,19,0,0.594771146774292,4.410362416505814
0,40,23,21,0,0.594771146774292,4.410362416505814
0,40,15,20,0,0.594771146774292,4.410362416505814
0,40,23,23,0,0.594771146774292,4.410362416505814
0,40,14,14,0,0.594771146774292,4.410362416505814
0,40,14,14,0,0.594771146774292,4.410362416505814
0,40,22,23,0,0.594771146774292,4.410362416505814
0,40,15,18,0,0.594771146774292,4.410362416505814
0,40,22,17,0,0.594771146774292,4.410362416505814
0,40,22,18,0,0.594771146774292,4.410362416505814
0,40,22,18,0,0.594771146774292,4.410362416505814
0,40,22,19,0,0.594771146774292,4.410362416505814
0,40,21,20,0,0.594771146774292,4.410362416505814
0,40,15,18,0,0.594771146774292,4.410362416505814
0,40,22,17,0,0.594771146774292,4.410362416505814
0,40,1,6,0,0.594771146774292,4.410362416505814
0,40,15,20,0,0.594771146774292,4.410362416505814
0,40,21,24,0,0.594771146774292,4.410362416505814
0,40,14,10,0,0.594771146774292,4.410362416505814
0,40,15,21,0,0.594771146774292,4.410362416505814
0,40,15,15,0,0.594771146774292,4.410362416505814
0,40,28,25,0,0.594771146774292,4.410362416505814
0,40,28,28,0,0.594771146774292,4.410362416505814
0,40,14,11,0,0.594771146774292,4.410362416505814
0,40,14,13,0,0.594771146774292,4.410362416505814
0,40,15,18,0,0.594771146774292,4.410362416505814
0,40,15,15,0,0.594771146774292,4.410362416505814
0,40,14,9,0,0.594771146774292,4.410362416505814
0,40,14,14,0,0.594771146774292,4.410362416505814
0,40,14,13,0,0.594771146774292,4.410362416505814
0,40,15,21,0,0.594771146774292,4.410362416505814
0,40,0,7,8,0.594771146774292,4.410362416505814
0,40,14,12,0,0.594771146774292,4.410362416505814
0,40,21,17,0,0.594771146774292,4.410362416505814
0,40,22,18,0,0.594771146774292,4.410362416505814
0,40,28,25,0,0.594771146774292,4.410362416505814
0,40,12,8,0,0.594771146774292,4.410362416505814
0,40,21,16,0,0.594771146774292,4.410362416505814
0,40,15,16,0,0.594771146774292,4.410362416505814
0,40,22,14,0,0.594771146774292,4.410362416505814
0,40,15,20,0,0.594771146774292,4.410362416505814
0,40,21,22,0,0.594771146774292,4.410362416505814
0,40,22,15,0,0.594771146774292,4.410362416505814
0,40,22,16,0,0.594771146774292,4.410362416505814
0,40,14,6,0,0.594771146774292,4.410362416505814
0,40,14,15,0,0.594771146774292,4.410362416505814
0,40,22,18,0,0.594771146774292,4.410362416505814
0,40,14,13,0,0.594771146774292,4.410362416505814
0,40,21,17,0,0.594771146774292,4.410362416505814
0,40,14,13,0,0.594771146774292,4.410362416505814
0,40,15,19,0,0.594771146774292,4.410362416505814
0,40,22,20,0,0.594771146774292,4.410362416505814
0,40,22,21,0,0.594771146774292,4.410362416505814
0,40,14,11,0,0.594771146774292,4.410362416505814
0,40,15,17,0,0.594771146774292,4.410362416505814
0,40,21,17,0,0.594771146774292,4.410362416505814
0,40,23,23,0,0.594771146774292,4.410362416505814
0,40,15,14,0,0.594771146774292,4.410362416505814
0,40,15,19,0,0.594771146774292,4.410362416505814
0,40,14,12,0,0.594771146774292,4.410362416505814
0,40,14,11,0,0.594771146774292,4.410362416505814
0,40,22,17,0,0.594771146774292,4.410362416505814
0,40,14,14,0,0.594771146774292,4.410362416505814
0,40,28,28,0,0.594771146774292,4.410362416505814
0,40,15,21,0,0.594771146774292,4.410362416505814
0,40,15,20,0,0.594771146774292,4.410362416505814
0,40,14,11,0,0.594771146774292,4.410362416505814
0,40,15,16,0,0.594771146774292,4.410362416505814
0,40,15,13,0,0.594771146774292,4.410362416505814
0,40,14,13,0,0.594771146774292,4.410362416505814
0,40,14,14,0,0.594771146774292,4.410362416505814
0,40,15,15,0,0.594771146774292,4.410362416505814
0,40,21,19,0,0.594771146774292,4.410362416505814
0,40,15,18,0,0.594771146774292,4.410362416505814
0,40,22,21,0,0.594771146774292,4.410362416505814
0,40,14,12,0,0.594771146774292,4.410362416505814
0,40,21,18,0,0.594771146774292,4.410362416505814
0,40,14,14,0,0.594771146774292,4.410362416505814
0,40,15,15,0,0.594771146774292,4.410362416505814
0,40,16,16,0,0.7059876918792725,4.300268769264221
0,40,15,19,0,0.7059876918792725,4.300268769264221
0,40,23,20,0,0.7059876918792725,4.300268769264221
0,40,16,16,0,0.7059876918792725,4.300268769264221
0,40,16,17,0,0.7059876918792725,4.300268769264221
0,40,13,14,0,0.7059876918792725,4.300268769264221
0,40,11,11,0,0.7059876918792725,4.300268769264221
0,40,16,16,0,0.7059876918792725,4.300268769264221
0,40,11,9,0,0.7059876918792725,4.300268769264221
0,40,23,20,0,0.7059876918792725,4.300268769264221
0,40,11,9,0,0.7059876918792725,4.300268769264221
0,40,23,21,0,0.7059876918792725,4.300268769264221
0,40,16,12,0,0.7059876918792725,4.300268769264221
0,40,16,16,0,0.7059876918792725,4.300268769264221
0,40,11,10,0,0.7059876918792725,4.300268769264221
0,40,15,19,0,0.7059876918792725,4.300268769264221
0,40,23,22,0,0.7059876918792725,4.300268769264221
0,40,24,22,0,0.7059876918792725,4.300268769264221
0,40,15,16,0,0.7059876918792725,4.300268769264221
0,40,15,19,0,0.7059876918792725,4.300268769264221
0,40,11,8,0,0.7059876918792725,4.300268769264221
0,40,11,8,0,0.7059876918792725,4.300268769264221
0,40,16,16,0,0.7059876918792725,4.300268769264221
0,40,11,9,0,0.7059876918792725,4.300268769264221
0,40,27,22,0,0.7059876918792725,4.300268769264221
0,40,23,18,0,0.7059876918792725,4.300268769264221
0,40,15,19,0,0.7059876918792725,4.300268769264221
0,40,11,10,0,0.7059876918792725,4.300268769264221
0,40,15,17,0,0.7059876918792725,4.300268769264221
0,40,15,11,0,0.7059876918792725,4.300268769264221
0,40,11,12,0,0.7059876918792725,4.300268769264221
0,40,11,11,0,0.7059876918792725,4.300268769264221
0,40,15,17,0,0.7059876918792725,4.300268769264221
0,40,23,20,0,0.7059876918792725,4.300268769264221
0,40,15,19,0,0.7059876918792725,4.300268769264221
0,40,16,17,0,0.7059876918792725,4.300268769264221
0,40,11,13,0,0.7059876918792725,4.300268769264221
0,40,23,23,0,0.7059876918792725,4.300268769264221
0,40,11,13,0,0.7059876918792725,4.300268769264221
0,40,15,22,0,0.7059876918792725,4.300268769264221
0,40,16,17,0,0.7059876918792725,4.300268769264221
0,40,11,10,0,0.7059876918792725,4.300268769264221
0,40,15,18,0,0.7059876918792725,4.300268769264221
0,40,23,25,0,0.7059876918792725,4.300268769264221
0,40,11,13,0,0.7059876918792725,4.300268769264221
0,40,15,19,0,0.7059876918792725,4.300268769264221
0,40,16,18,0,0.7059876918792725,4.300268769264221
0,40,27,18,0,0.7059876918792725,4.300268769264221
0,40,11,10,0,0.7059876918792725,4.300268769264221
0,40,15,10,0,0.7059876918792725,4.300268769264221
0,40,16,18,0,0.7059876918792725,4.300268769264221
0,40,15,20,0,0.7059876918792725,4.300268769264221
0,40,15,20,0,0.7059876918792725,4.300268769264221
0,40,16,19,0,0.7059876918792725,4.300268769264221
0,40,16,19,0,0.7059876918792725,4.300268769264221
0,40,11,11,0,0.7059876918792725,4.300268769264221
0,40,11,13,0,0.7059876918792725,4.300268769264221
0,40,15,16,0,0.7059876918792725,4.300268769264221
0,40,16,18,0,0.7059876918792725,4.300268769264221
0,40,15,20,0,0.7059876918792725,4.300268769264221
0,40,15,19,0,0.7059876918792725,4.300268769264221
0,40,15,20,0,0.7059876918792725,4.300268769264221
0,40,11,7,0,0.7059876918792725,4.300268769264221
0,40,11,13,0,0.7059876918792725,4.300268769264221
0,40,11,12,0,0.7059876918792725,4.300268769264221
0,40,15,21,0,0.7059876918792725,4.300268769264221
0,40,16,17,0,0.7059876918792725,4.300268769264221
0,40,11,10,0,0.7059876918792725,4.300268769264221
0,40,11,10,0,0.7059876918792725,4.300268769264221
0,40,11,13,0,0.7059876918792725,4.300268769264221
0,40,11,13,0,0.7059876918792725,4.300268769264221
0,40,15,19,0,0.7059876918792725,4.300268769264221
0,40,11,11,0,0.7059876918792725,4.300268769264221
0,40,16,20,0,0.7059876918792725,4.300268769264221
0,40,15,17,0,0.7059876918792725,4.300268769264221
0,40,23,23,0,0.7059876918792725,4.300268769264221
0,40,11,10,0,0.7059876918792725,4.300268769264221
0,40,15,21,0,0.7059876918792725,4.300268769264221
0,40,15,17,0,0.7059876918792725,4.300268769264221
0,40,23,21,0,0.7059876918792725,4.300268769264221
0,40,22,22,0,0.652895450592041,2.8949257493019105
0,40,13,14,0,0.652895450592041,2.8949257493019105
0,40,13,18,0,0.652895450592041,2.8949257493019105
0,40,18,19,0,0.652895450592041,2.8949257493019105
0,40,13,17,0,0.652895450592041,2.8949257493019105
0,40,13,16,0,0.652895450592041,2.8949257493019105
0,40,22,20,0,0.652895450592041,2.8949257493019105
0,40,28,21,0,0.652895450592041,2.8949257493019105
0,40,13,16,0,0.652895450592041,2.8949257493019105
0,40,13,12,0,0.652895450592041,2.8949257493019105
0,40,22,22,0,0.652895450592041,2.8949257493019105
0,40,13,16,0,0.652895450592041,2.8949257493019105
0,40,13,19,0,0.652895450592041,2.8949257493019105
0,40,22,20,0,0.652895450592041,2.8949257493019105
0,40,22,17,0,0.652895450592041,2.8949257493019105
0,40,13,18,0,0.652895450592041,2.8949257493019105
0,40,13,14,0,0.652895450592041,2.8949257493019105
0,40,13,16,0,0.652895450592041,2.8949257493019105
0,40,22,19,0,0.652895450592041,2.8949257493019105
0,40,13,17,0,0.652895450592041,2.8949257493019105
0,40,13,17,0,0.652895450592041,2.8949257493019105
0,40,13,15,0,0.652895450592041,2.8949257493019105
0,40,13,11,0,0.652895450592041,2.8949257493019105
0,40,13,13,0,0.652895450592041,2.8949257493019105
0,40,13,16,0,0.652895450592041,2.8949257493019105
0,40,13,16,0,0.652895450592041,2.8949257493019105
0,40,22,21,0,0.652895450592041,2.8949257493019105
0,40,13,17,0,0.652895450592041,2.8949257493019105
0,40,13,11,0,0.652895450592041,2.8949257493019105
0,40,13,13,0,0.652895450592041,2.8949257493019105
0,40,13,16,0,0.652895450592041,2.8949257493019105
0,40,13,17,0,0.652895450592041,2.8949257493019105
0,40,13,16,0,0.652895450592041,2.8949257493019105
0,40,22,19,0,0.652895450592041,2.8949257493019105
0,40,13,18,0,0.652895450592041,2.8949257493019105
0,40,18,15,0,0.652895450592041,2.8949257493019105
0,40,13,17,0,0.652895450592041,2.8949257493019105
0,40,13,18,0,0.652895450592041,2.8949257493019105
0,40,13,15,0,0.652895450592041,2.8949257493019105
0,40,18,17,0,0.652895450592041,2.8949257493019105
0,40,13,18,0,0.652895450592041,2.8949257493019105
0,40,13,18,0,0.652895450592041,2.8949257493019105
0,40,18,15,0,0.652895450592041,2.8949257493019105
0,40,22,23,0,0.652895450592041,2.8949257493019105
0,40,13,15,0,0.652895450592041,2.8949257493019105
0,40,13,16,0,0.652895450592041,2.8949257493019105
0,40,18,16,0,0.652895450592041,2.8949257493019105
0,40,13,18,0,0.652895450592041,2.8949257493019105
0,40,22,20,0,0.652895450592041,2.8949257493019105
0,40,13,17,0,0.652895450592041,2.8949257493019105
0,40,22,21,0,0.652895450592041,2.8949257493019105
0,40,25,22,0,0.652895450592041,2.8949257493019105
0,40,13,16,0,0.652895450592041,2.8949257493019105
0,40,13,16,0,0.652895450592041,2.8949257493019105
0,40,13,17,0,0.652895450592041,2.8949257493019105
0,40,13,17,0,0.652895450592041,2.8949257493019105
0,40,13,15,0,0.652895450592041,2.8949257493019105
0,40,13,15,0,0.652895450592041,2.8949257493019105
0,40,13,17,0,0.652895450592041,2.8949257493019105
0,40,22,21,0,0.652895450592041,2.8949257493019105
0,40,22,20,0,0.652895450592041,2.8949257493019105
0,40,29,31,0,0.652895450592041,2.8949257493019105
0,40,18,17,0,0.652895450592041,2.8949257493019105
0,40,13,17,0,0.652895450592041,2.8949257493019105
0,40,18,20,0,0.652895450592041,2.8949257493019105
0,40,13,15,0,0.652895450592041,2.8949257493019105
0,40,13,17,0,0.652895450592041,2.8949257493019105
0,40,13,19,0,0.652895450592041,2.8949257493019105
0,40,13,21,0,0.652895450592041,2.8949257493019105
0,40,18,16,0,0.652895450592041,2.8949257493019105
0,40,22,19,0,0.652895450592041,2.8949257493019105
0,40,13,18,0,0.652895450592041,2.8949257493019105
0,40,25,21,0,0.652895450592041,2.8949257493019105
0,40,13,12,0,0.652895450592041,2.8949257493019105
0,40,25,21,0,0.652895450592041,2.8949257493019105
0,40,22,19,0,0.652895450592041,2.8949257493019105
0,40,13,12,0,0.652895450592041,2.8949257493019105
0,40,13,16,0,0.652895450592041,2.8949257493019105
0,40,18,19,0,0.652895450592041,2.8949257493019105
0,40,13,16,0,0.652895450592041,2.8949257493019105
0,40,10,9,0,0.6158194541931152,4.167400813102722
0,40,11,12,0,0.6158194541931152,4.167400813102722
0,40,12,15,0,0.6158194541931152,4.167400813102722
0,40,17,14,0,0.6158194541931152,4.167400813102722
0,40,10,9,0,0.6158194541931152,4.167400813102722
0,40,10,11,0,0.6158194541931152,4.167400813102722
0,40,12,13,0,0.6158194541931152,4.167400813102722
0,40,10,11,0,0.6158194541931152,4.167400813102722
0,40,17,14,0,0.6158194541931152,4.167400813102722
0,40,10,10,0,0.6158194541931152,4.167400813102722
0,40,17,16,0,0.6158194541931152,4.167400813102722
0,40,19,22,0,0.6158194541931152,4.167400813102722
0,40,10,10,0,0.6158194541931152,4.167400813102722
0,40,10,9,0,0.6158194541931152,4.167400813102722
0,40,10,10,0,0.6158194541931152,4.167400813102722
0,40,10,11,0,0.6158194541931152,4.167400813102722
0,40,10,9,0,0.6158194541931152,4.167400813102722
0,40,11,12,0,0.6158194541931152,4.167400813102722
0,40,10,10,0,0.6158194541931152,4.167400813102722
0,40,17,15,0,0.6158194541931152,4.167400813102722
0,40,17,12,0,0.6158194541931152,4.167400813102722
0,40,28,23,0,0.6158194541931152,4.167400813102722
0,40,12,15,0,0.6158194541931152,4.167400813102722
0,40,11,13,0,0.6158194541931152,4.167400813102722
0,40,12,16,0,0.6158194541931152,4.167400813102722
0,40,10,11,0,0.6158194541931152,4.167400813102722
0,40,10,9,0,0.6158194541931152,4.167400813102722
0,40,10,9,0,0.6158194541931152,4.167400813102722
0,40,11,10,0,0.6158194541931152,4.167400813102722
0,40,12,11,0,0.6158194541931152,4.167400813102722
0,40,17,12,0,0.6158194541931152,4.167400813102722
0,40,10,8,0,0.6158194541931152,4.167400813102722
0,40,19,18,0,0.6158194541931152,4.167400813102722
0,40,10,11,0,0.6158194541931152,4.167400813102722
0,40,19,22,0,0.6158194541931152,4.167400813102722
0,40,17,13,0,0.6158194541931152,4.167400813102722
0,40,10,11,0,0.6158194541931152,4.167400813102722
0,40,10,11,0,0.6158194541931152,4.167400813102722
0,40,12,17,0,0.6158194541931152,4.167400813102722
0,40,10,9,0,0.6158194541931152,4.167400813102722
0,40,17,13,0,0.6158194541931152,4.167400813102722
0,40,17,16,0,0.6158194541931152,4.167400813102722
0,40,11,14,0,0.6158194541931152,4.167400813102722
0,40,11,10,0,0.6158194541931152,4.167400813102722
0,40,10,8,0,0.6158194541931152,4.167400813102722
0,40,17,10,0,0.6158194541931152,4.167400813102722
0,40,0,3,0,0.6158194541931152,4.167400813102722
0,40,10,9,0,0.6158194541931152,4.167400813102722
0,40,10,8,0,0.6158194541931152,4.167400813102722
0,40,12,14,0,0.6158194541931152,4.167400813102722
0,40,10,10,0,0.6158194541931152,4.167400813102722
0,40,17,14,0,0.6158194541931152,4.167400813102722
0,40,10,11,0,0.6158194541931152,4.167400813102722
0,40,10,10,0,0.6158194541931152,4.167400813102722
0,40,17,14,0,0.6158194541931152,4.167400813102722
0,40,10,9,0,0.6158194541931152,4.167400813102722
0,40,10,10,0,0.6158194541931152,4.167400813102722
0,40,12,9,0,0.6158194541931152,4.167400813102722
0,40,17,15,0,0.6158194541931152,4.167400813102722
0,40,11,11,0,0.6158194541931152,4.167400813102722
0,40,10,9,0,0.6158194541931152,4.167400813102722
0,40,11,12,0,0.6158194541931152,4.167400813102722
0,40,10,11,0,0.6158194541931152,4.167400813102722
0,40,10,9,0,0.6158194541931152,4.167400813102722
0,40,10,10,0,0.6158194541931152,4.167400813102722
0,40,10,10,0,0.6158194541931152,4.167400813102722
0,40,11,11,0,0.6158194541931152,4.167400813102722
0,40,11,11,0,0.6158194541931152,4.167400813102722
0,40,10,11,0,0.6158194541931152,4.167400813102722
0,40,17,16,0,0.6158194541931152,4.167400813102722
0,40,10,9,0,0.6158194541931152,4.167400813102722
0,40,10,9,0,0.6158194541931152,4.167400813102722
0,40,10,7,0,0.6158194541931152,4.167400813102722
0,40,11,13,0,0.6158194541931152,4.167400813102722
0,40,10,7,0,0.6158194541931152,4.167400813102722
0,40,10,10,0,0.6158194541931152,4.167400813102722
0,40,12,14,0,0.6158194541931152,4.167400813102722
0,40,11,11,0,0.6158194541931152,4.167400813102722
0,40,11,9,0,0.6158194541931152,4.167400813102722
0,40,11,9,0,0.6158194541931152,4.167400813102722
0,40,19,21,0,0.5539977550506592,4.119498986005783
0,40,19,17,0,0.5539977550506592,4.119498986005783
0,40,18,14,0,0.5539977550506592,4.119498986005783
0,40,18,13,0,0.5539977550506592,4.119498986005783
0,40,19,20,0,0.5539977550506592,4.119498986005783
0,40,19,15,0,0.5539977550506592,4.119498986005783
0,40,6,5,0,0.5539977550506592,4.119498986005783
0,40,19,18,0,0.5539977550506592,4.119498986005783
0,40,19,21,0,0.5539977550506592,4.119498986005783
0,40,7,8,0,0.5539977550506592,4.119498986005783
0,40,19,22,0,0.5539977550506592,4.119498986005783
0,40,19,15,0,0.5539977550506592,4.119498986005783
0,40,19,20,0,0.5539977550506592,4.119498986005783
0,40,19,19,0,0.5539977550506592,4.119498986005783
0,40,19,15,0,0.5539977550506592,4.119498986005783
0,40,19,17,0,0.5539977550506592,4.119498986005783
0,40,19,19,0,0.5539977550506592,4.119498986005783
0,40,24,22,0,0.5539977550506592,4.119498986005783
0,40,19,17,0,0.5539977550506592,4.119498986005783
0,40,18,17,0,0.5539977550506592,4.119498986005783
0,40,19,23,0,0.5539977550506592,4.119498986005783
0,40,18,14,0,0.5539977550506592,4.119498986005783
0,40,19,19,0,0.5539977550506592,4.119498986005783
0,40,19,17,0,0.5539977550506592,4.119498986005783
0,40,19,15,0,0.5539977550506592,4.119498986005783
0,40,19,18,0,0.5539977550506592,4.119498986005783
0,40,18,15,0,0.5539977550506592,4.119498986005783
0,40,18,12,0,0.5539977550506592,4.119498986005783
0,40,19,23,0,0.5539977550506592,4.119498986005783
0,40,19,16,0,0.5539977550506592,4.119498986005783
0,40,19,23,0,0.5539977550506592,4.119498986005783
0,40,19,21,0,0.5539977550506592,4.119498986005783
0,40,19,16,0,0.5539977550506592,4.119498986005783
0,40,18,12,0,0.5539977550506592,4.119498986005783
0,40,19,18,0,0.5539977550506592,4.119498986005783
0,40,19,19,0,0.5539977550506592,4.119498986005783
0,40,24,14,0,0.5539977550506592,4.119498986005783
0,40,18,14,0,0.5539977550506592,4.119498986005783
0,40,18,19,0,0.5539977550506592,4.119498986005783
0,40,18,16,0,0.5539977550506592,4.119498986005783
0,40,10,10,0,0.5539977550506592,4.119498986005783
0,40,19,19,0,0.5539977550506592,4.119498986005783
0,40,19,20,0,0.5539977550506592,4.119498986005783
0,40,24,22,0,0.5539977550506592,4.119498986005783
0,40,19,15,0,0.5539977550506592,4.119498986005783
0,40,19,18,0,0.5539977550506592,4.119498986005783
0,40,18,16,0,0.5539977550506592,4.119498986005783
0,40,19,20,0,0.5539977550506592,4.119498986005783
0,40,18,15,0,0.5539977550506592,4.119498986005783
0,40,19,20,0,0.5539977550506592,4.119498986005783
0,40,27,22,0,0.5539977550506592,4.119498986005783
0,40,18,20,0,0.5539977550506592,4.119498986005783
0,40,18,19,0,0.5539977550506592,4.119498986005783
0,40,19,19,0,0.5539977550506592,4.119498986005783
0,40,18,19,0,0.5539977550506592,4.119498986005783
0,40,24,23,0,0.5539977550506592,4.119498986005783
0,40,18,17,0,0.5539977550506592,4.119498986005783
0,40,24,23,0,0.5539977550506592,4.119498986005783
0,40,19,21,0,0.5539977550506592,4.119498986005783
0,40,18,16,0,0.5539977550506592,4.119498986005783
0,40,19,20,0,0.5539977550506592,4.119498986005783
0,40,24,17,0,0.5539977550506592,4.119498986005783
0,40,18,15,0,0.5539977550506592,4.119498986005783
0,40,19,23,0,0.5539977550506592,4.119498986005783
0,40,19,12,0,0.5539977550506592,4.119498986005783
0,40,19,16,0,0.5539977550506592,4.119498986005783
0,40,18,17,0,0.5539977550506592,4.119498986005783
0,40,19,19,0,0.5539977550506592,4.119498986005783
0,40,19,21,0,0.5539977550506592,4.119498986005783
0,40,18,18,0,0.5539977550506592,4.119498986005783
0,40,18,12,0,0.5539977550506592,4.119498986005783
0,40,24,21,0,0.5539977550506592,4.119498986005783
0,40,19,12,0,0.5539977550506592,4.119498986005783
0,40,24,26,0,0.5539977550506592,4.119498986005783
0,40,19,20,0,0.5539977550506592,4.119498986005783
0,40,19,21,0,0.5539977550506592,4.119498986005783
0,40,19,21,0,0.5539977550506592,4.119498986005783
0,40,19,20,0,0.5539977550506592,4.119498986005783
0,40,18,15,0,0.5539977550506592,4.119498986005783
0,40,19,20,0,0.5539977550506592,4.119498986005783
Total attack time: 809.2504162788391
0,20,11,12,0,0.6618971824645996,7.008617746829986
0,20,19,15,0,0.6618971824645996,7.008617746829986
0,20,22,22,0,0.6618971824645996,7.008617746829986
0,20,11,13,0,0.6618971824645996,7.008617746829986
0,20,22,22,0,0.6618971824645996,7.008617746829986
0,20,14,14,0,0.6618971824645996,7.008617746829986
0,20,14,13,0,0.6618971824645996,7.008617746829986
0,20,12,16,0,0.6618971824645996,7.008617746829986
0,20,11,13,0,0.6618971824645996,7.008617746829986
0,20,12,15,0,0.6618971824645996,7.008617746829986
0,20,12,17,0,0.6618971824645996,7.008617746829986
0,20,12,12,0,0.6618971824645996,7.008617746829986
0,20,12,17,0,0.6618971824645996,7.008617746829986
0,20,16,20,0,0.6618971824645996,7.008617746829986
0,20,11,18,0,0.6618971824645996,7.008617746829986
0,20,12,17,0,0.6618971824645996,7.008617746829986
0,20,10,6,0,0.6618971824645996,7.008617746829986
0,20,11,15,0,0.6618971824645996,7.008617746829986
0,20,16,17,0,0.6618971824645996,7.008617746829986
0,20,14,13,0,0.6618971824645996,7.008617746829986
0,20,19,21,0,0.6618971824645996,7.008617746829986
0,20,11,17,0,0.6618971824645996,7.008617746829986
0,20,21,24,0,0.6618971824645996,7.008617746829986
0,20,21,21,0,0.6618971824645996,7.008617746829986
0,20,14,9,0,0.6618971824645996,7.008617746829986
0,20,14,10,0,0.6618971824645996,7.008617746829986
0,20,11,13,0,0.6618971824645996,7.008617746829986
0,20,11,16,0,0.6618971824645996,7.008617746829986
0,20,14,12,0,0.6618971824645996,7.008617746829986
0,20,14,12,0,0.6618971824645996,7.008617746829986
0,20,14,8,0,0.6618971824645996,7.008617746829986
0,20,19,18,0,0.6618971824645996,7.008617746829986
0,20,0,5,3,0.6618971824645996,7.008617746829986
0,20,14,14,0,0.6618971824645996,7.008617746829986
0,20,16,17,0,0.6618971824645996,7.008617746829986
0,20,12,12,0,0.6618971824645996,7.008617746829986
0,20,21,22,0,0.6618971824645996,7.008617746829986
0,20,6,8,0,0.6618971824645996,7.008617746829986
0,20,16,15,0,0.6618971824645996,7.008617746829986
0,20,11,15,0,0.6618971824645996,7.008617746829986
0,20,21,20,0,0.6778347492218018,6.4075013399124146
0,20,15,18,0,0.6778347492218018,6.4075013399124146
0,20,29,28,0,0.6778347492218018,6.4075013399124146
0,20,29,29,0,0.6778347492218018,6.4075013399124146
0,20,12,8,0,0.6778347492218018,6.4075013399124146
0,20,12,12,0,0.6778347492218018,6.4075013399124146
0,20,15,19,0,0.6778347492218018,6.4075013399124146
0,20,15,20,0,0.6778347492218018,6.4075013399124146
0,20,12,12,0,0.6778347492218018,6.4075013399124146
0,20,12,12,0,0.6778347492218018,6.4075013399124146
0,20,12,14,0,0.6778347492218018,6.4075013399124146
0,20,21,20,0,0.6778347492218018,6.4075013399124146
0,20,3,0,0,0.6778347492218018,6.4075013399124146
0,20,12,13,0,0.6778347492218018,6.4075013399124146
0,20,16,18,0,0.6778347492218018,6.4075013399124146
0,20,16,15,0,0.6778347492218018,6.4075013399124146
0,20,29,26,0,0.6778347492218018,6.4075013399124146
0,20,10,6,0,0.6778347492218018,6.4075013399124146
0,20,16,17,0,0.6778347492218018,6.4075013399124146
0,20,15,16,0,0.6778347492218018,6.4075013399124146
0,20,16,15,0,0.6778347492218018,6.4075013399124146
0,20,15,20,0,0.6778347492218018,6.4075013399124146
0,20,16,19,0,0.6778347492218018,6.4075013399124146
0,20,16,14,0,0.6778347492218018,6.4075013399124146
0,20,16,13,0,0.6778347492218018,6.4075013399124146
0,20,13,13,0,0.6778347492218018,6.4075013399124146
0,20,12,12,0,0.6778347492218018,6.4075013399124146
0,20,16,14,0,0.6778347492218018,6.4075013399124146
0,20,12,13,0,0.6778347492218018,6.4075013399124146
0,20,16,18,0,0.6778347492218018,6.4075013399124146
0,20,12,12,0,0.6778347492218018,6.4075013399124146
0,20,21,21,0,0.6778347492218018,6.4075013399124146
0,20,16,15,0,0.6778347492218018,6.4075013399124146
0,20,16,16,0,0.6778347492218018,6.4075013399124146
0,20,12,12,0,0.6778347492218018,6.4075013399124146
0,20,15,19,0,0.6778347492218018,6.4075013399124146
0,20,16,19,0,0.6778347492218018,6.4075013399124146
0,20,18,13,0,0.6778347492218018,6.4075013399124146
0,20,15,18,0,0.6778347492218018,6.4075013399124146
0,20,15,12,0,0.6778347492218018,6.4075013399124146
0,20,18,17,0,0.562788724899292,3.8995591163635255
0,20,10,13,0,0.562788724899292,3.8995591163635255
0,20,18,18,0,0.562788724899292,3.8995591163635255
0,20,18,17,0,0.562788724899292,3.8995591163635255
0,20,18,19,0,0.562788724899292,3.8995591163635255
0,20,14,14,0,0.562788724899292,3.8995591163635255
0,20,10,9,0,0.562788724899292,3.8995591163635255
0,20,18,20,0,0.562788724899292,3.8995591163635255
0,20,10,10,0,0.562788724899292,3.8995591163635255
0,20,18,21,0,0.562788724899292,3.8995591163635255
0,20,10,12,0,0.562788724899292,3.8995591163635255
0,20,20,24,0,0.562788724899292,3.8995591163635255
0,20,18,19,0,0.562788724899292,3.8995591163635255
0,20,18,18,0,0.562788724899292,3.8995591163635255
0,20,10,9,0,0.562788724899292,3.8995591163635255
0,20,10,9,0,0.562788724899292,3.8995591163635255
0,20,18,15,0,0.562788724899292,3.8995591163635255
0,20,24,26,0,0.562788724899292,3.8995591163635255
0,20,10,8,0,0.562788724899292,3.8995591163635255
0,20,10,11,0,0.562788724899292,3.8995591163635255
0,20,10,8,0,0.562788724899292,3.8995591163635255
0,20,10,8,0,0.562788724899292,3.8995591163635255
0,20,18,17,0,0.562788724899292,3.8995591163635255
0,20,10,8,0,0.562788724899292,3.8995591163635255
0,20,28,26,0,0.562788724899292,3.8995591163635255
0,20,20,21,0,0.562788724899292,3.8995591163635255
0,20,10,9,0,0.562788724899292,3.8995591163635255
0,20,10,9,0,0.562788724899292,3.8995591163635255
0,20,10,13,0,0.562788724899292,3.8995591163635255
0,20,10,7,0,0.562788724899292,3.8995591163635255
0,20,10,5,0,0.562788724899292,3.8995591163635255
0,20,10,7,0,0.562788724899292,3.8995591163635255
0,20,10,10,0,0.562788724899292,3.8995591163635255
0,20,18,17,0,0.562788724899292,3.8995591163635255
0,20,10,8,0,0.562788724899292,3.8995591163635255
0,20,18,18,0,0.562788724899292,3.8995591163635255
0,20,10,9,0,0.562788724899292,3.8995591163635255
0,20,18,18,0,0.562788724899292,3.8995591163635255
0,20,10,9,0,0.562788724899292,3.8995591163635255
0,20,10,11,0,0.562788724899292,3.8995591163635255
0,20,9,9,0,0.5207970142364502,5.804411149024963
0,20,9,15,0,0.5207970142364502,5.804411149024963
0,20,17,19,0,0.5207970142364502,5.804411149024963
0,20,9,11,0,0.5207970142364502,5.804411149024963
0,20,29,29,0,0.5207970142364502,5.804411149024963
0,20,21,19,0,0.5207970142364502,5.804411149024963
0,20,19,12,0,0.5207970142364502,5.804411149024963
0,20,9,12,0,0.5207970142364502,5.804411149024963
0,20,19,18,0,0.5207970142364502,5.804411149024963
0,20,19,13,0,0.5207970142364502,5.804411149024963
0,20,9,9,0,0.5207970142364502,5.804411149024963
0,20,9,11,0,0.5207970142364502,5.804411149024963
0,20,19,15,0,0.5207970142364502,5.804411149024963
0,20,18,21,0,0.5207970142364502,5.804411149024963
0,20,19,18,0,0.5207970142364502,5.804411149024963
0,20,17,15,0,0.5207970142364502,5.804411149024963
0,20,9,15,0,0.5207970142364502,5.804411149024963
0,20,18,20,0,0.5207970142364502,5.804411149024963
0,20,9,11,0,0.5207970142364502,5.804411149024963
0,20,19,16,0,0.5207970142364502,5.804411149024963
0,20,17,22,0,0.5207970142364502,5.804411149024963
0,20,9,12,0,0.5207970142364502,5.804411149024963
0,20,19,17,0,0.5207970142364502,5.804411149024963
0,20,18,18,0,0.5207970142364502,5.804411149024963
0,20,9,11,0,0.5207970142364502,5.804411149024963
0,20,19,15,0,0.5207970142364502,5.804411149024963
0,20,17,12,0,0.5207970142364502,5.804411149024963
0,20,29,27,0,0.5207970142364502,5.804411149024963
0,20,9,14,0,0.5207970142364502,5.804411149024963
0,20,19,14,0,0.5207970142364502,5.804411149024963
0,20,17,14,0,0.5207970142364502,5.804411149024963
0,20,19,18,0,0.5207970142364502,5.804411149024963
0,20,19,19,0,0.5207970142364502,5.804411149024963
0,20,17,18,0,0.5207970142364502,5.804411149024963
0,20,17,15,0,0.5207970142364502,5.804411149024963
0,20,9,10,0,0.5207970142364502,5.804411149024963
0,20,9,12,0,0.5207970142364502,5.804411149024963
0,20,19,18,0,0.5207970142364502,5.804411149024963
0,20,17,16,0,0.5207970142364502,5.804411149024963
0,20,19,19,0,0.5207970142364502,5.804411149024963
0,20,23,22,0,0.6522400379180908,5.801759898662567
0,20,17,14,0,0.6522400379180908,5.801759898662567
0,20,15,16,0,0.6522400379180908,5.801759898662567
0,20,19,21,0,0.6522400379180908,5.801759898662567
0,20,17,17,0,0.6522400379180908,5.801759898662567
0,20,15,16,0,0.6522400379180908,5.801759898662567
0,20,23,18,0,0.6522400379180908,5.801759898662567
0,20,27,22,0,0.6522400379180908,5.801759898662567
0,20,17,18,0,0.6522400379180908,5.801759898662567
0,20,15,11,0,0.6522400379180908,5.801759898662567
0,20,23,21,0,0.6522400379180908,5.801759898662567
0,20,15,15,0,0.6522400379180908,5.801759898662567
0,20,15,17,0,0.6522400379180908,5.801759898662567
0,20,23,25,0,0.6522400379180908,5.801759898662567
0,20,23,25,0,0.6522400379180908,5.801759898662567
0,20,17,11,0,0.6522400379180908,5.801759898662567
0,20,17,13,0,0.6522400379180908,5.801759898662567
0,20,15,16,0,0.6522400379180908,5.801759898662567
0,20,23,20,0,0.6522400379180908,5.801759898662567
0,20,15,17,0,0.6522400379180908,5.801759898662567
0,20,15,14,0,0.6522400379180908,5.801759898662567
0,20,15,15,0,0.6522400379180908,5.801759898662567
0,20,17,12,0,0.6522400379180908,5.801759898662567
0,20,17,19,0,0.6522400379180908,5.801759898662567
0,20,17,17,0,0.6522400379180908,5.801759898662567
0,20,15,15,0,0.6522400379180908,5.801759898662567
0,20,23,17,0,0.6522400379180908,5.801759898662567
0,20,17,18,0,0.6522400379180908,5.801759898662567
0,20,17,17,0,0.6522400379180908,5.801759898662567
0,20,17,18,0,0.6522400379180908,5.801759898662567
0,20,17,21,0,0.6522400379180908,5.801759898662567
0,20,15,14,0,0.6522400379180908,5.801759898662567
0,20,17,16,0,0.6522400379180908,5.801759898662567
0,20,23,22,0,0.6522400379180908,5.801759898662567
0,20,15,17,0,0.6522400379180908,5.801759898662567
0,20,19,22,0,0.6522400379180908,5.801759898662567
0,20,17,18,0,0.6522400379180908,5.801759898662567
0,20,15,17,0,0.6522400379180908,5.801759898662567
0,20,15,15,0,0.6522400379180908,5.801759898662567
0,20,19,21,0,0.6522400379180908,5.801759898662567
0,20,16,15,0,0.617429256439209,5.371414291858673
0,20,16,13,0,0.617429256439209,5.371414291858673
0,20,16,10,0,0.617429256439209,5.371414291858673
0,20,16,16,0,0.617429256439209,5.371414291858673
0,20,16,15,0,0.617429256439209,5.371414291858673
0,20,16,20,0,0.617429256439209,5.371414291858673
0,20,17,10,0,0.617429256439209,5.371414291858673
0,20,16,12,0,0.617429256439209,5.371414291858673
0,20,16,13,0,0.617429256439209,5.371414291858673
0,20,16,17,0,0.617429256439209,5.371414291858673
0,20,16,16,0,0.617429256439209,5.371414291858673
0,20,16,15,0,0.617429256439209,5.371414291858673
0,20,16,15,0,0.617429256439209,5.371414291858673
0,20,17,18,0,0.617429256439209,5.371414291858673
0,20,16,18,0,0.617429256439209,5.371414291858673
0,20,20,14,0,0.617429256439209,5.371414291858673
0,20,16,15,0,0.617429256439209,5.371414291858673
0,20,16,18,0,0.617429256439209,5.371414291858673
0,20,16,12,0,0.617429256439209,5.371414291858673
0,20,20,20,0,0.617429256439209,5.371414291858673
0,20,16,11,0,0.617429256439209,5.371414291858673
0,20,16,20,0,0.617429256439209,5.371414291858673
0,20,20,22,0,0.617429256439209,5.371414291858673
0,20,17,15,0,0.617429256439209,5.371414291858673
0,20,16,14,0,0.617429256439209,5.371414291858673
0,20,16,15,0,0.617429256439209,5.371414291858673
0,20,20,20,0,0.617429256439209,5.371414291858673
0,20,16,17,0,0.617429256439209,5.371414291858673
0,20,17,14,0,0.617429256439209,5.371414291858673
0,20,16,18,0,0.617429256439209,5.371414291858673
0,20,17,14,0,0.617429256439209,5.371414291858673
0,20,22,18,0,0.617429256439209,5.371414291858673
0,20,16,17,0,0.617429256439209,5.371414291858673
0,20,16,12,0,0.617429256439209,5.371414291858673
0,20,16,17,0,0.617429256439209,5.371414291858673
0,20,16,18,0,0.617429256439209,5.371414291858673
0,20,16,17,0,0.617429256439209,5.371414291858673
0,20,16,16,0,0.617429256439209,5.371414291858673
0,20,16,15,0,0.617429256439209,5.371414291858673
0,20,17,17,0,0.617429256439209,5.371414291858673
0,20,13,12,0,0.5998754501342773,5.535543179512024
0,20,10,10,0,0.5998754501342773,5.535543179512024
0,20,12,17,0,0.5998754501342773,5.535543179512024
0,20,11,13,0,0.5998754501342773,5.535543179512024
0,20,13,10,0,0.5998754501342773,5.535543179512024
0,20,13,11,0,0.5998754501342773,5.535543179512024
0,20,12,14,0,0.5998754501342773,5.535543179512024
0,20,13,9,0,0.5998754501342773,5.535543179512024
0,20,11,13,0,0.5998754501342773,5.535543179512024
0,20,13,11,0,0.5998754501342773,5.535543179512024
0,20,11,18,0,0.5998754501342773,5.535543179512024
0,20,16,23,0,0.5998754501342773,5.535543179512024
0,20,13,12,0,0.5998754501342773,5.535543179512024
0,20,13,14,0,0.5998754501342773,5.535543179512024
0,20,13,13,0,0.5998754501342773,5.535543179512024
0,20,13,9,0,0.5998754501342773,5.535543179512024
0,20,13,10,0,0.5998754501342773,5.535543179512024
0,20,10,12,0,0.5998754501342773,5.535543179512024
0,20,13,15,0,0.5998754501342773,5.535543179512024
0,20,11,15,0,0.5998754501342773,5.535543179512024
0,20,11,11,0,0.5998754501342773,5.535543179512024
0,20,24,22,0,0.5998754501342773,5.535543179512024
0,20,12,13,0,0.5998754501342773,5.535543179512024
0,20,10,12,0,0.5998754501342773,5.535543179512024
0,20,12,13,0,0.5998754501342773,5.535543179512024
0,20,13,12,0,0.5998754501342773,5.535543179512024
0,20,13,13,0,0.5998754501342773,5.535543179512024
0,20,13,11,0,0.5998754501342773,5.535543179512024
0,20,10,11,0,0.5998754501342773,5.535543179512024
0,20,12,13,0,0.5998754501342773,5.535543179512024
0,20,11,15,0,0.5998754501342773,5.535543179512024
0,20,13,9,0,0.5998754501342773,5.535543179512024
0,20,16,18,0,0.5998754501342773,5.535543179512024
0,20,13,11,0,0.5998754501342773,5.535543179512024
0,20,16,24,0,0.5998754501342773,5.535543179512024
0,20,11,13,0,0.5998754501342773,5.535543179512024
0,20,13,13,0,0.5998754501342773,5.535543179512024
0,20,13,12,0,0.5998754501342773,5.535543179512024
0,20,12,17,0,0.5998754501342773,5.535543179512024
0,20,13,11,0,0.5998754501342773,5.535543179512024
0,20,14,10,0,0.6279556751251221,6.111180579662323
0,20,25,27,0,0.6279556751251221,6.111180579662323
0,20,19,17,0,0.6279556751251221,6.111180579662323
0,20,14,14,0,0.6279556751251221,6.111180579662323
0,20,19,13,0,0.6279556751251221,6.111180579662323
0,20,12,13,0,0.6279556751251221,6.111180579662323
0,20,12,13,0,0.6279556751251221,6.111180579662323
0,20,12,11,0,0.6279556751251221,6.111180579662323
0,20,14,16,0,0.6279556751251221,6.111180579662323
0,20,19,14,0,0.6279556751251221,6.111180579662323
0,20,14,13,0,0.6279556751251221,6.111180579662323
0,20,12,13,0,0.6279556751251221,6.111180579662323
0,20,15,18,0,0.6279556751251221,6.111180579662323
0,20,12,14,0,0.6279556751251221,6.111180579662323
0,20,15,13,0,0.6279556751251221,6.111180579662323
0,20,14,15,0,0.6279556751251221,6.111180579662323
0,20,12,13,0,0.6279556751251221,6.111180579662323
0,20,12,15,0,0.6279556751251221,6.111180579662323
0,20,19,16,0,0.6279556751251221,6.111180579662323
0,20,12,11,0,0.6279556751251221,6.111180579662323
0,20,14,12,0,0.6279556751251221,6.111180579662323
0,20,14,14,0,0.6279556751251221,6.111180579662323
0,20,14,15,0,0.6279556751251221,6.111180579662323
0,20,14,14,0,0.6279556751251221,6.111180579662323
0,20,12,13,0,0.6279556751251221,6.111180579662323
0,20,14,12,0,0.6279556751251221,6.111180579662323
0,20,4,2,0,0.6279556751251221,6.111180579662323
0,20,12,15,0,0.6279556751251221,6.111180579662323
0,20,12,14,0,0.6279556751251221,6.111180579662323
0,20,10,10,0,0.6279556751251221,6.111180579662323
0,20,12,12,0,0.6279556751251221,6.111180579662323
0,20,14,11,0,0.6279556751251221,6.111180579662323
0,20,12,10,0,0.6279556751251221,6.111180579662323
0,20,12,11,0,0.6279556751251221,6.111180579662323
0,20,14,12,0,0.6279556751251221,6.111180579662323
0,20,12,13,0,0.6279556751251221,6.111180579662323
0,20,12,11,0,0.6279556751251221,6.111180579662323
0,20,19,14,0,0.6279556751251221,6.111180579662323
0,20,14,13,0,0.6279556751251221,6.111180579662323
0,20,14,16,0,0.6279556751251221,6.111180579662323
0,20,14,19,0,0.6681649684906006,5.483357000350952
0,20,14,16,0,0.6681649684906006,5.483357000350952
0,20,12,10,0,0.6681649684906006,5.483357000350952
0,20,12,7,0,0.6681649684906006,5.483357000350952
0,20,13,9,0,0.6681649684906006,5.483357000350952
0,20,14,11,0,0.6681649684906006,5.483357000350952
0,20,0,3,1,0.6681649684906006,5.483357000350952
0,20,13,10,0,0.6681649684906006,5.483357000350952
0,20,13,11,0,0.6681649684906006,5.483357000350952
0,20,12,13,0,0.6681649684906006,5.483357000350952
0,20,13,12,0,0.6681649684906006,5.483357000350952
0,20,14,15,0,0.6681649684906006,5.483357000350952
0,20,13,7,0,0.6681649684906006,5.483357000350952
0,20,13,13,0,0.6681649684906006,5.483357000350952
0,20,14,13,0,0.6681649684906006,5.483357000350952
0,20,13,12,0,0.6681649684906006,5.483357000350952
0,20,13,11,0,0.6681649684906006,5.483357000350952
0,20,20,17,0,0.6681649684906006,5.483357000350952
0,20,14,15,0,0.6681649684906006,5.483357000350952
0,20,12,7,0,0.6681649684906006,5.483357000350952
0,20,13,13,0,0.6681649684906006,5.483357000350952
0,20,12,14,0,0.6681649684906006,5.483357000350952
0,20,13,9,0,0.6681649684906006,5.483357000350952
0,20,13,10,0,0.6681649684906006,5.483357000350952
0,20,13,12,0,0.6681649684906006,5.483357000350952
0,20,13,12,0,0.6681649684906006,5.483357000350952
0,20,12,11,0,0.6681649684906006,5.483357000350952
0,20,12,10,0,0.6681649684906006,5.483357000350952
0,20,13,10,0,0.6681649684906006,5.483357000350952
0,20,14,15,0,0.6681649684906006,5.483357000350952
0,20,13,10,0,0.6681649684906006,5.483357000350952
0,20,13,8,0,0.6681649684906006,5.483357000350952
0,20,13,12,0,0.6681649684906006,5.483357000350952
0,20,12,11,0,0.6681649684906006,5.483357000350952
0,20,13,10,0,0.6681649684906006,5.483357000350952
0,20,13,7,0,0.6681649684906006,5.483357000350952
0,20,20,19,0,0.6681649684906006,5.483357000350952
0,20,12,11,0,0.6681649684906006,5.483357000350952
0,20,12,12,0,0.6681649684906006,5.483357000350952
0,20,12,12,0,0.6681649684906006,5.483357000350952
0,20,19,19,0,0.6834359169006348,5.588746464252472
0,20,12,9,0,0.6834359169006348,5.588746464252472
0,20,19,18,0,0.6834359169006348,5.588746464252472
0,20,19,20,0,0.6834359169006348,5.588746464252472
0,20,19,17,0,0.6834359169006348,5.588746464252472
0,20,19,17,0,0.6834359169006348,5.588746464252472
0,20,12,12,0,0.6834359169006348,5.588746464252472
0,20,12,14,0,0.6834359169006348,5.588746464252472
0,20,19,18,0,0.6834359169006348,5.588746464252472
0,20,22,22,0,0.6834359169006348,5.588746464252472
0,20,19,19,0,0.6834359169006348,5.588746464252472
0,20,19,19,0,0.6834359169006348,5.588746464252472
0,20,19,18,0,0.6834359169006348,5.588746464252472
0,20,12,13,0,0.6834359169006348,5.588746464252472
0,20,19,17,0,0.6834359169006348,5.588746464252472
0,20,19,17,0,0.6834359169006348,5.588746464252472
0,20,17,18,0,0.6834359169006348,5.588746464252472
0,20,12,12,0,0.6834359169006348,5.588746464252472
0,20,12,10,0,0.6834359169006348,5.588746464252472
0,20,12,10,0,0.6834359169006348,5.588746464252472
0,20,8,6,0,0.6834359169006348,5.588746464252472
0,20,19,17,0,0.6834359169006348,5.588746464252472
0,20,19,21,0,0.6834359169006348,5.588746464252472
0,20,17,18,0,0.6834359169006348,5.588746464252472
0,20,19,18,0,0.6834359169006348,5.588746464252472
0,20,22,23,0,0.6834359169006348,5.588746464252472
0,20,12,12,0,0.6834359169006348,5.588746464252472
0,20,19,18,0,0.6834359169006348,5.588746464252472
0,20,12,12,0,0.6834359169006348,5.588746464252472
0,20,19,18,0,0.6834359169006348,5.588746464252472
0,20,25,21,0,0.6834359169006348,5.588746464252472
0,20,12,11,0,0.6834359169006348,5.588746464252472
0,20,12,8,0,0.6834359169006348,5.588746464252472
0,20,19,18,0,0.6834359169006348,5.588746464252472
0,20,12,16,0,0.6834359169006348,5.588746464252472
0,20,20,20,0,0.6834359169006348,5.588746464252472
0,20,12,10,0,0.6834359169006348,5.588746464252472
0,20,17,18,0,0.6834359169006348,5.588746464252472
0,20,19,18,0,0.6834359169006348,5.588746464252472
0,20,12,14,0,0.6834359169006348,5.588746464252472
Total attack time: 1167.1471366882324